Date,Open,High,Low,Close,Volume,Dividends,Stock Splits
2021-06-16 00:00:00-04:00,20.0,20.479999542236328,18.0,19.649999618530273,1938800,0.0,0.0
2021-06-17 00:00:00-04:00,20.15999984741211,20.698999404907227,19.334999084472656,19.760000228881836,799600,0.0,0.0
2021-06-18 00:00:00-04:00,19.329999923706055,19.540000915527344,19.010000228881836,19.260000228881836,332700,0.0,0.0
2021-06-21 00:00:00-04:00,19.440000534057617,19.65999984741211,19.34000015258789,19.65999984741211,150500,0.0,0.0
2021-06-22 00:00:00-04:00,19.200000762939453,19.540000915527344,18.610000610351562,19.399999618530273,186800,0.0,0.0
2021-06-23 00:00:00-04:00,19.31999969482422,19.540000915527344,19.020000457763672,19.350000381469727,65400,0.0,0.0
2021-06-24 00:00:00-04:00,19.56999969482422,19.799999237060547,19.25,19.25,22900,0.0,0.0
2021-06-25 00:00:00-04:00,20.200000762939453,20.56999969482422,19.700000762939453,19.979999542236328,89100,0.0,0.0
2021-06-28 00:00:00-04:00,20.31999969482422,21.1299991607666,20.110000610351562,21.010000228881836,95700,0.0,0.0
2021-06-29 00:00:00-04:00,20.309999465942383,20.954999923706055,20.270000457763672,20.459999084472656,105300,0.0,0.0
2021-06-30 00:00:00-04:00,20.1299991607666,21.06999969482422,20.020000457763672,20.489999771118164,126900,0.0,0.0
2021-07-01 00:00:00-04:00,20.15999984741211,21.325000762939453,19.989999771118164,20.30500030517578,180200,0.0,0.0
2021-07-02 00:00:00-04:00,19.940000534057617,20.600000381469727,19.5,19.959999084472656,49400,0.0,0.0
2021-07-06 00:00:00-04:00,20.09000015258789,20.15999984741211,18.860000610351562,19.520000457763672,70400,0.0,0.0
2021-07-07 00:00:00-04:00,19.59000015258789,19.6299991607666,18.81999969482422,18.860000610351562,154000,0.0,0.0
2021-07-08 00:00:00-04:00,19.200000762939453,19.200000762939453,18.61199951171875,19.0,93600,0.0,0.0
2021-07-09 00:00:00-04:00,19.18000030517578,19.399999618530273,18.93000030517578,19.06999969482422,43900,0.0,0.0
2021-07-12 00:00:00-04:00,20.010000228881836,20.010000228881836,19.030000686645508,19.25,66100,0.0,0.0
2021-07-13 00:00:00-04:00,20.010000228881836,20.344999313354492,19.5,19.649999618530273,71900,0.0,0.0
2021-07-14 00:00:00-04:00,19.739999771118164,19.739999771118164,19.170000076293945,19.399999618530273,22100,0.0,0.0
2021-07-15 00:00:00-04:00,19.010000228881836,19.069000244140625,18.399999618530273,18.68000030517578,47700,0.0,0.0
2021-07-16 00:00:00-04:00,18.719999313354492,18.790000915527344,18.06999969482422,18.34000015258789,27400,0.0,0.0
2021-07-19 00:00:00-04:00,18.790000915527344,19.65999984741211,18.68000030517578,19.219999313354492,56800,0.0,0.0
2021-07-20 00:00:00-04:00,19.219999313354492,19.709999084472656,19.100000381469727,19.59000015258789,11700,0.0,0.0
2021-07-21 00:00:00-04:00,19.399999618530273,19.760000228881836,19.114999771118164,19.760000228881836,6500,0.0,0.0
2021-07-22 00:00:00-04:00,20.049999237060547,20.049999237060547,19.399999618530273,19.399999618530273,5800,0.0,0.0
2021-07-23 00:00:00-04:00,19.84000015258789,19.84000015258789,19.280000686645508,19.3799991607666,26900,0.0,0.0
2021-07-26 00:00:00-04:00,19.520000457763672,19.739999771118164,19.469999313354492,19.469999313354492,5800,0.0,0.0
2021-07-27 00:00:00-04:00,20.049999237060547,20.100000381469727,19.690000534057617,19.940000534057617,7700,0.0,0.0
2021-07-28 00:00:00-04:00,19.8799991607666,20.110000610351562,19.530000686645508,19.649999618530273,41600,0.0,0.0
2021-07-29 00:00:00-04:00,20.049999237060547,20.09000015258789,19.739999771118164,19.834999084472656,8600,0.0,0.0
2021-07-30 00:00:00-04:00,20.100000381469727,20.399999618530273,20.100000381469727,20.399999618530273,5400,0.0,0.0
2021-08-02 00:00:00-04:00,20.15999984741211,20.280000686645508,19.860000610351562,20.280000686645508,1000,0.0,0.0
2021-08-03 00:00:00-04:00,20.059999465942383,20.059999465942383,20.0,20.0,1300,0.0,0.0
2021-08-04 00:00:00-04:00,20.030000686645508,20.030000686645508,20.030000686645508,20.030000686645508,400,0.0,0.0
2021-08-05 00:00:00-04:00,19.3700008392334,19.700000762939453,19.219999313354492,19.489999771118164,2800,0.0,0.0
2021-08-06 00:00:00-04:00,19.43000030517578,19.780000686645508,19.43000030517578,19.5,1000,0.0,0.0
2021-08-09 00:00:00-04:00,19.1200008392334,19.639999389648438,19.0,19.540000915527344,7500,0.0,0.0
2021-08-10 00:00:00-04:00,19.420000076293945,19.530000686645508,19.054000854492188,19.09000015258789,4100,0.0,0.0
2021-08-11 00:00:00-04:00,19.459999084472656,19.469999313354492,19.079999923706055,19.079999923706055,2400,0.0,0.0
2021-08-12 00:00:00-04:00,19.360000610351562,19.395999908447266,19.200000762939453,19.200000762939453,6400,0.0,0.0
2021-08-13 00:00:00-04:00,19.649999618530273,19.761999130249023,19.219999313354492,19.360000610351562,16300,0.0,0.0
2021-08-16 00:00:00-04:00,19.59000015258789,19.59000015258789,19.06999969482422,19.309999465942383,120000,0.0,0.0
2021-08-17 00:00:00-04:00,19.010000228881836,19.219999313354492,18.770000457763672,18.81999969482422,5300,0.0,0.0
2021-08-18 00:00:00-04:00,19.6200008392334,19.649999618530273,19.040000915527344,19.190000534057617,25700,0.0,0.0
2021-08-19 00:00:00-04:00,19.350000381469727,19.760000228881836,19.350000381469727,19.56999969482422,23800,0.0,0.0
2021-08-20 00:00:00-04:00,19.450000762939453,20.0,19.450000762939453,19.75,177400,0.0,0.0
2021-08-23 00:00:00-04:00,19.969999313354492,20.309999465942383,19.860000610351562,20.030000686645508,43200,0.0,0.0
2021-08-24 00:00:00-04:00,20.510000228881836,20.579999923706055,19.5,20.479999542236328,30800,0.0,0.0
2021-08-25 00:00:00-04:00,19.84000015258789,20.200000762939453,19.540000915527344,20.0,15900,0.0,0.0
2021-08-26 00:00:00-04:00,19.913000106811523,20.040000915527344,19.850000381469727,19.950000762939453,23500,0.0,0.0
2021-08-27 00:00:00-04:00,20.440000534057617,20.559999465942383,20.020000457763672,20.25,22800,0.0,0.0
2021-08-30 00:00:00-04:00,20.665000915527344,20.665000915527344,20.280000686645508,20.3700008392334,7800,0.0,0.0
2021-08-31 00:00:00-04:00,20.8799991607666,21.14900016784668,20.530000686645508,20.959999084472656,48500,0.0,0.0
2021-09-01 00:00:00-04:00,21.020000457763672,21.200000762939453,20.385000228881836,20.790000915527344,3600,0.0,0.0
2021-09-02 00:00:00-04:00,20.864999771118164,21.0,20.790000915527344,21.0,1000,0.0,0.0
2021-09-03 00:00:00-04:00,20.489999771118164,20.59000015258789,20.34000015258789,20.389999389648438,5000,0.0,0.0
2021-09-07 00:00:00-04:00,20.209999084472656,20.559999465942383,19.950000762939453,20.209999084472656,5900,0.0,0.0
2021-09-08 00:00:00-04:00,19.8700008392334,19.8700008392334,19.639999389648438,19.65999984741211,2600,0.0,0.0
2021-09-09 00:00:00-04:00,19.8799991607666,20.170000076293945,19.8799991607666,19.959999084472656,2200,0.0,0.0
2021-09-10 00:00:00-04:00,19.940000534057617,20.190000534057617,19.549999237060547,19.549999237060547,1500,0.0,0.0
2021-09-13 00:00:00-04:00,19.829999923706055,20.25,19.760000228881836,19.799999237060547,8500,0.0,0.0
2021-09-14 00:00:00-04:00,20.059999465942383,20.579999923706055,19.979999542236328,20.149999618530273,8300,0.0,0.0
2021-09-15 00:00:00-04:00,19.799999237060547,20.200000762939453,19.75,20.15999984741211,9300,0.0,0.0
2021-09-16 00:00:00-04:00,19.969999313354492,20.31800079345703,19.700000762939453,20.209999084472656,70300,0.0,0.0
2021-09-17 00:00:00-04:00,19.8799991607666,20.709999084472656,19.75,19.90999984741211,6400,0.0,0.0
2021-09-20 00:00:00-04:00,19.59000015258789,20.270000457763672,19.59000015258789,19.834999084472656,5400,0.0,0.0
2021-09-21 00:00:00-04:00,19.770000457763672,19.860000610351562,19.399999618530273,19.40999984741211,6700,0.0,0.0
2021-09-22 00:00:00-04:00,19.389999389648438,19.434999465942383,18.479999542236328,19.25,2000,0.0,0.0
2021-09-23 00:00:00-04:00,19.489999771118164,19.489999771118164,19.3700008392334,19.3799991607666,900,0.0,0.0
2021-09-24 00:00:00-04:00,19.469999313354492,19.5,19.040000915527344,19.209999084472656,4800,0.0,0.0
2021-09-27 00:00:00-04:00,19.43000030517578,19.735000610351562,19.010000228881836,19.299999237060547,76800,0.0,0.0
2021-09-28 00:00:00-04:00,19.40999984741211,19.940000534057617,19.280000686645508,19.280000686645508,2700,0.0,0.0
2021-09-29 00:00:00-04:00,19.440000534057617,19.450000762939453,18.8700008392334,18.959999084472656,24400,0.0,0.0
2021-09-30 00:00:00-04:00,19.360000610351562,19.6200008392334,19.25,19.610000610351562,168900,0.0,0.0
2021-10-01 00:00:00-04:00,19.700000762939453,19.700000762939453,18.864999771118164,19.299999237060547,52200,0.0,0.0
2021-10-04 00:00:00-04:00,19.350000381469727,19.350000381469727,18.100000381469727,18.540000915527344,28900,0.0,0.0
2021-10-05 00:00:00-04:00,18.40999984741211,18.540000915527344,18.1200008392334,18.520000457763672,2800,0.0,0.0
2021-10-06 00:00:00-04:00,20.270000457763672,20.621000289916992,19.905000686645508,20.489999771118164,63000,0.0,0.0
2021-10-07 00:00:00-04:00,19.469999313354492,20.290000915527344,19.399999618530273,19.84000015258789,8600,0.0,0.0
2021-10-08 00:00:00-04:00,19.885000228881836,20.280000686645508,19.489999771118164,19.649999618530273,41800,0.0,0.0
2021-10-11 00:00:00-04:00,19.940000534057617,20.031999588012695,19.15999984741211,19.420000076293945,14400,0.0,0.0
2021-10-12 00:00:00-04:00,19.959999084472656,20.045000076293945,19.5,19.579999923706055,8100,0.0,0.0
2021-10-13 00:00:00-04:00,19.770000457763672,20.270000457763672,19.469999313354492,19.65999984741211,26700,0.0,0.0
2021-10-14 00:00:00-04:00,20.149999618530273,20.149999618530273,19.469999313354492,20.0,5900,0.0,0.0
2021-10-15 00:00:00-04:00,19.8799991607666,19.8799991607666,19.360000610351562,19.799999237060547,6600,0.0,0.0
2021-10-18 00:00:00-04:00,19.850000381469727,19.979000091552734,19.71500015258789,19.979000091552734,2100,0.0,0.0
2021-10-19 00:00:00-04:00,19.81999969482422,19.950000762939453,19.670000076293945,19.950000762939453,1000,0.0,0.0
2021-10-20 00:00:00-04:00,19.6200008392334,19.649999618530273,19.40999984741211,19.489999771118164,2500,0.0,0.0
2021-10-21 00:00:00-04:00,20.0,20.0,19.110000610351562,19.110000610351562,2200,0.0,0.0
2021-10-22 00:00:00-04:00,19.829999923706055,19.959999084472656,19.700000762939453,19.700000762939453,1500,0.0,0.0
2021-10-25 00:00:00-04:00,19.299999237060547,19.479999542236328,19.184999465942383,19.479999542236328,1900,0.0,0.0
2021-10-26 00:00:00-04:00,19.149999618530273,19.149999618530273,19.149999618530273,19.149999618530273,600,0.0,0.0
2021-10-27 00:00:00-04:00,19.100000381469727,19.100000381469727,19.030000686645508,19.06999969482422,2000,0.0,0.0
2021-10-28 00:00:00-04:00,19.270000457763672,19.270000457763672,18.700000762939453,18.808000564575195,2600,0.0,0.0
2021-10-29 00:00:00-04:00,18.940000534057617,18.940000534057617,18.5,18.610000610351562,1600,0.0,0.0
2021-11-01 00:00:00-04:00,19.020000457763672,19.229999542236328,18.600000381469727,18.950000762939453,6200,0.0,0.0
2021-11-02 00:00:00-04:00,19.299999237060547,19.489999771118164,19.260000228881836,19.489999771118164,1100,0.0,0.0
2021-11-03 00:00:00-04:00,19.489999771118164,19.489999771118164,19.15999984741211,19.31999969482422,900,0.0,0.0
2021-11-04 00:00:00-04:00,19.170000076293945,19.229999542236328,19.170000076293945,19.229999542236328,1800,0.0,0.0
2021-11-05 00:00:00-04:00,18.93000030517578,18.93000030517578,17.75,17.760000228881836,9100,0.0,0.0
2021-11-08 00:00:00-05:00,15.0,15.079999923706055,14.34000015258789,14.510000228881836,72700,0.0,0.0
2021-11-09 00:00:00-05:00,15.029999732971191,15.600000381469727,14.979999542236328,14.989999771118164,30900,0.0,0.0
2021-11-10 00:00:00-05:00,15.15999984741211,15.359999656677246,14.6899995803833,14.84000015258789,9500,0.0,0.0
2021-11-11 00:00:00-05:00,14.822999954223633,15.050000190734863,14.510000228881836,14.640000343322754,6400,0.0,0.0
2021-11-12 00:00:00-05:00,14.770000457763672,14.880000114440918,14.680000305175781,14.739999771118164,3700,0.0,0.0
2021-11-15 00:00:00-05:00,14.960000038146973,14.960000038146973,14.789999961853027,14.789999961853027,1900,0.0,0.0
2021-11-16 00:00:00-05:00,10.800000190734863,11.0,9.569999694824219,10.149999618530273,181900,0.0,0.0
2021-11-17 00:00:00-05:00,10.260000228881836,11.298999786376953,9.96500015258789,10.5,117500,0.0,0.0
2021-11-18 00:00:00-05:00,10.0,10.3100004196167,9.949999809265137,9.989999771118164,30800,0.0,0.0
2021-11-19 00:00:00-05:00,10.449999809265137,10.680000305175781,10.119999885559082,10.449999809265137,27500,0.0,0.0
2021-11-22 00:00:00-05:00,11.729999542236328,11.930000305175781,11.470000267028809,11.609999656677246,50000,0.0,0.0
2021-11-23 00:00:00-05:00,12.210000038146973,12.210000038146973,11.529999732971191,11.859999656677246,24100,0.0,0.0
2021-11-24 00:00:00-05:00,11.25,11.430000305175781,11.119999885559082,11.239999771118164,9000,0.0,0.0
2021-11-26 00:00:00-05:00,11.529999732971191,11.579999923706055,11.210000038146973,11.40999984741211,3600,0.0,0.0
2021-11-29 00:00:00-05:00,11.550000190734863,12.001999855041504,11.489999771118164,11.729999542236328,10900,0.0,0.0
2021-11-30 00:00:00-05:00,13.5,14.520000457763672,13.5,14.010000228881836,217300,0.0,0.0
2021-12-01 00:00:00-05:00,14.079999923706055,14.079999923706055,13.0,13.569999694824219,47900,0.0,0.0
2021-12-02 00:00:00-05:00,13.850000381469727,14.100000381469727,13.449999809265137,13.600000381469727,24900,0.0,0.0
2021-12-03 00:00:00-05:00,13.90999984741211,13.989999771118164,13.571000099182129,13.609999656677246,8900,0.0,0.0
2021-12-06 00:00:00-05:00,13.399999618530273,13.579999923706055,13.28499984741211,13.390000343322754,42900,0.0,0.0
2021-12-07 00:00:00-05:00,13.9399995803833,14.47599983215332,13.84000015258789,14.270000457763672,13900,0.0,0.0
2021-12-08 00:00:00-05:00,14.619999885559082,14.619999885559082,14.25,14.385000228881836,8800,0.0,0.0
2021-12-09 00:00:00-05:00,14.25,14.329999923706055,14.0,14.199999809265137,7400,0.0,0.0
2021-12-10 00:00:00-05:00,14.270000457763672,14.3100004196167,14.085000038146973,14.25,10300,0.0,0.0
2021-12-13 00:00:00-05:00,14.789999961853027,14.949999809265137,14.291000366210938,14.59000015258789,9200,0.0,0.0
2021-12-14 00:00:00-05:00,16.030000686645508,16.190000534057617,15.739999771118164,16.079999923706055,59300,0.0,0.0
2021-12-15 00:00:00-05:00,15.819999694824219,16.020000457763672,15.609999656677246,15.699999809265137,24400,0.0,0.0
2021-12-16 00:00:00-05:00,16.3700008392334,17.139999389648438,16.299999237060547,16.969999313354492,15000,0.0,0.0
2021-12-17 00:00:00-05:00,17.8700008392334,18.5,17.75,18.5,48500,0.0,0.0
2021-12-20 00:00:00-05:00,18.770000457763672,19.829999923706055,18.65999984741211,19.75,31700,0.0,0.0
2021-12-21 00:00:00-05:00,19.270000457763672,19.969999313354492,19.25,19.889999389648438,21800,0.0,0.0
2021-12-22 00:00:00-05:00,19.149999618530273,19.725000381469727,19.1200008392334,19.65999984741211,15300,0.0,0.0
2021-12-23 00:00:00-05:00,19.260000228881836,20.299999237060547,19.18000030517578,20.209999084472656,12700,0.0,0.0
2021-12-27 00:00:00-05:00,19.59000015258789,20.350000381469727,19.350000381469727,20.040000915527344,15600,0.0,0.0
2021-12-28 00:00:00-05:00,19.40999984741211,19.969999313354492,19.299999237060547,19.950000762939453,6500,0.0,0.0
2021-12-29 00:00:00-05:00,19.65999984741211,20.459999084472656,19.639999389648438,20.427000045776367,4000,0.0,0.0
2021-12-30 00:00:00-05:00,19.450000762939453,19.739999771118164,18.920000076293945,19.229999542236328,24900,0.0,0.0
2021-12-31 00:00:00-05:00,18.079999923706055,19.25,18.079999923706055,19.18000030517578,3700,0.0,0.0
2022-01-03 00:00:00-05:00,20.040000915527344,20.040000915527344,18.709999084472656,19.426000595092773,10200,0.0,0.0
2022-01-04 00:00:00-05:00,18.850000381469727,18.860000610351562,17.940000534057617,18.040000915527344,21700,0.0,0.0
2022-01-05 00:00:00-05:00,17.3799991607666,17.3799991607666,16.770000457763672,17.06999969482422,5000,0.0,0.0
2022-01-06 00:00:00-05:00,16.899999618530273,17.43000030517578,16.829999923706055,17.09000015258789,13300,0.0,0.0
2022-01-07 00:00:00-05:00,16.65999984741211,16.809999465942383,16.139999389648438,16.510000228881836,9600,0.0,0.0
2022-01-10 00:00:00-05:00,20.34000015258789,21.5,19.209999084472656,21.5,729600,0.0,0.0
2022-01-11 00:00:00-05:00,23.073999404907227,26.959999084472656,22.8700008392334,25.68000030517578,451900,0.0,0.0
2022-01-12 00:00:00-05:00,26.690000534057617,27.799999237060547,25.847000122070312,27.100000381469727,174200,0.0,0.0
2022-01-13 00:00:00-05:00,27.850000381469727,29.290000915527344,27.0,28.299999237060547,160700,0.0,0.0
2022-01-14 00:00:00-05:00,30.1200008392334,32.040000915527344,29.700000762939453,31.889999389648438,241500,0.0,0.0
2022-01-18 00:00:00-05:00,27.65999984741211,27.770000457763672,25.6200008392334,26.5,208800,0.0,0.0
2022-01-19 00:00:00-05:00,27.75,28.329999923706055,27.40999984741211,27.920000076293945,71100,0.0,0.0
2022-01-20 00:00:00-05:00,29.3799991607666,29.950000762939453,28.924999237060547,29.889999389648438,51800,0.0,0.0
2022-01-21 00:00:00-05:00,29.700000762939453,30.1200008392334,28.93000030517578,30.06999969482422,82800,0.0,0.0
2022-01-24 00:00:00-05:00,27.760000228881836,28.579999923706055,27.299999237060547,28.549999237060547,85500,0.0,0.0
2022-01-25 00:00:00-05:00,27.90999984741211,28.209999084472656,27.1200008392334,27.850000381469727,38600,0.0,0.0
2022-01-26 00:00:00-05:00,28.75,29.5,28.351999282836914,29.5,56400,0.0,0.0
2022-01-27 00:00:00-05:00,27.610000610351562,28.0,27.332000732421875,27.959999084472656,29400,0.0,0.0
2022-01-28 00:00:00-05:00,26.31999969482422,27.440000534057617,26.309999465942383,27.440000534057617,24100,0.0,0.0
2022-01-31 00:00:00-05:00,27.020000457763672,27.549999237060547,27.0,27.350000381469727,14600,0.0,0.0
2022-02-01 00:00:00-05:00,28.270000457763672,29.059999465942383,28.0,29.059999465942383,60500,0.0,0.0
2022-02-02 00:00:00-05:00,28.273000717163086,28.860000610351562,28.260000228881836,28.68000030517578,5800,0.0,0.0
2022-02-03 00:00:00-05:00,26.770000457763672,27.68000030517578,26.68000030517578,27.010000228881836,8100,0.0,0.0
2022-02-04 00:00:00-05:00,26.889999389648438,26.979999542236328,25.760000228881836,26.649999618530273,11000,0.0,0.0
2022-02-07 00:00:00-05:00,26.670000076293945,27.190000534057617,26.3700008392334,27.079999923706055,19800,0.0,0.0
2022-02-08 00:00:00-05:00,26.25,26.25,25.34000015258789,26.010000228881836,31700,0.0,0.0
2022-02-09 00:00:00-05:00,26.25,26.25,25.86199951171875,26.190000534057617,5900,0.0,0.0
2022-02-10 00:00:00-05:00,26.06999969482422,26.93000030517578,26.010000228881836,26.049999237060547,7100,0.0,0.0
2022-02-11 00:00:00-05:00,25.360000610351562,26.020000457763672,25.219999313354492,26.0,12400,0.0,0.0
2022-02-14 00:00:00-05:00,26.049999237060547,26.299999237060547,25.290000915527344,25.920000076293945,8800,0.0,0.0
2022-02-15 00:00:00-05:00,26.049999237060547,26.3700008392334,25.780000686645508,26.368999481201172,1900,0.0,0.0
2022-02-16 00:00:00-05:00,25.790000915527344,26.09000015258789,25.6299991607666,25.75,6600,0.0,0.0
2022-02-17 00:00:00-05:00,25.270000457763672,25.34000015258789,24.75,25.34000015258789,8500,0.0,0.0
2022-02-18 00:00:00-05:00,24.18000030517578,24.790000915527344,23.62299919128418,23.985000610351562,17700,0.0,0.0
2022-02-22 00:00:00-05:00,22.549999237060547,23.350000381469727,22.530000686645508,22.770000457763672,18300,0.0,0.0
2022-02-23 00:00:00-05:00,23.010000228881836,23.799999237060547,22.8799991607666,23.0,8500,0.0,0.0
2022-02-24 00:00:00-05:00,21.25,22.760000228881836,21.25,22.760000228881836,19300,0.0,0.0
2022-02-25 00:00:00-05:00,23.461000442504883,23.461000442504883,23.461000442504883,23.461000442504883,1100,0.0,0.0
2022-02-28 00:00:00-05:00,23.719999313354492,24.194000244140625,23.719999313354492,24.149999618530273,4400,0.0,0.0
2022-03-01 00:00:00-05:00,24.8799991607666,25.865999221801758,24.8799991607666,25.25,9500,0.0,0.0
2022-03-02 00:00:00-05:00,24.75,25.677000045776367,24.75,24.94700050354004,3300,0.0,0.0
2022-03-03 00:00:00-05:00,25.315000534057617,25.315000534057617,24.540000915527344,24.600000381469727,1800,0.0,0.0
2022-03-04 00:00:00-05:00,24.40999984741211,24.8700008392334,24.0,24.030000686645508,3400,0.0,0.0
2022-03-07 00:00:00-05:00,23.270000457763672,23.270000457763672,22.760000228881836,22.760000228881836,4800,0.0,0.0
2022-03-08 00:00:00-05:00,23.690000534057617,23.719999313354492,23.667999267578125,23.719999313354492,2900,0.0,0.0
2022-03-09 00:00:00-05:00,24.1299991607666,25.160999298095703,24.1299991607666,24.3700008392334,2800,0.0,0.0
2022-03-10 00:00:00-05:00,25.40999984741211,25.875999450683594,24.979999542236328,24.979999542236328,11800,0.0,0.0
2022-03-11 00:00:00-05:00,24.389999389648438,24.440000534057617,23.299999237060547,23.639999389648438,8000,0.0,0.0
2022-03-14 00:00:00-04:00,23.510000228881836,23.559999465942383,22.579999923706055,22.579999923706055,2800,0.0,0.0
2022-03-15 00:00:00-04:00,21.0,21.0,20.209999084472656,20.510000228881836,4800,0.0,0.0
2022-03-16 00:00:00-04:00,20.469999313354492,20.520000457763672,20.040000915527344,20.37700080871582,6000,0.0,0.0
2022-03-17 00:00:00-04:00,20.579999923706055,21.30500030517578,20.280000686645508,21.299999237060547,4900,0.0,0.0
2022-03-18 00:00:00-04:00,20.440000534057617,21.333999633789062,20.350000381469727,20.5,3400,0.0,0.0
2022-03-21 00:00:00-04:00,20.809999465942383,20.850000381469727,20.329999923706055,20.649999618530273,11100,0.0,0.0
2022-03-22 00:00:00-04:00,20.25,20.84000015258789,20.115999221801758,20.84000015258789,5300,0.0,0.0
2022-03-23 00:00:00-04:00,20.3799991607666,20.700000762939453,20.350000381469727,20.559999465942383,3500,0.0,0.0
2022-03-24 00:00:00-04:00,21.079999923706055,21.290000915527344,20.834999084472656,20.860000610351562,9000,0.0,0.0
2022-03-25 00:00:00-04:00,21.0,21.09000015258789,20.56999969482422,20.989999771118164,3000,0.0,0.0
2022-03-28 00:00:00-04:00,20.68000030517578,20.809999465942383,20.549999237060547,20.809999465942383,4900,0.0,0.0
2022-03-29 00:00:00-04:00,19.93000030517578,20.989999771118164,19.93000030517578,20.100000381469727,25000,0.0,0.0
2022-03-30 00:00:00-04:00,20.600000381469727,22.020000457763672,20.059999465942383,20.549999237060547,8400,0.0,0.0
2022-03-31 00:00:00-04:00,20.549999237060547,20.549999237060547,20.549999237060547,20.549999237060547,300,0.0,0.0
2022-04-01 00:00:00-04:00,20.190000534057617,20.40999984741211,20.139999389648438,20.40999984741211,1400,0.0,0.0
2022-04-04 00:00:00-04:00,20.510000228881836,21.25,20.360000610351562,21.219999313354492,6900,0.0,0.0
2022-04-05 00:00:00-04:00,21.559999465942383,21.799999237060547,21.559999465942383,21.799999237060547,800,0.0,0.0
2022-04-06 00:00:00-04:00,20.969999313354492,20.969999313354492,20.350000381469727,20.93000030517578,2600,0.0,0.0
2022-04-07 00:00:00-04:00,20.649999618530273,21.0,20.649999618530273,21.0,2500,0.0,0.0
2022-04-08 00:00:00-04:00,20.799999237060547,21.239999771118164,20.700000762939453,20.732999801635742,4600,0.0,0.0
2022-04-11 00:00:00-04:00,20.149999618530273,20.5,20.049999237060547,20.43000030517578,5200,0.0,0.0
2022-04-12 00:00:00-04:00,19.65999984741211,20.027000427246094,19.440000534057617,19.440000534057617,8900,0.0,0.0
2022-04-13 00:00:00-04:00,19.700000762939453,19.700000762939453,19.4060001373291,19.4060001373291,1600,0.0,0.0
2022-04-14 00:00:00-04:00,19.549999237060547,19.719999313354492,19.100000381469727,19.100000381469727,5100,0.0,0.0
2022-04-18 00:00:00-04:00,19.299999237060547,19.299999237060547,19.190000534057617,19.190000534057617,400,0.0,0.0
2022-04-19 00:00:00-04:00,18.299999237060547,18.488000869750977,18.059999465942383,18.270000457763672,2900,0.0,0.0
2022-04-20 00:00:00-04:00,18.399999618530273,18.399999618530273,17.889999389648438,18.174999237060547,3600,0.0,0.0
2022-04-21 00:00:00-04:00,17.65999984741211,17.950000762939453,17.110000610351562,17.18000030517578,4000,0.0,0.0
2022-04-22 00:00:00-04:00,17.18000030517578,17.18000030517578,17.18000030517578,17.18000030517578,0,0.0,0.0
2022-04-25 00:00:00-04:00,16.489999771118164,16.75,16.420000076293945,16.56800079345703,5400,0.0,0.0
2022-04-26 00:00:00-04:00,16.030000686645508,16.030000686645508,13.630000114440918,13.890000343322754,20000,0.0,0.0
2022-04-27 00:00:00-04:00,8.75,8.760000228881836,8.449999809265137,8.699999809265137,140600,0.0,0.0
2022-04-28 00:00:00-04:00,8.199999809265137,8.399999618530273,7.869999885559082,8.399999618530273,39500,0.0,0.0
2022-04-29 00:00:00-04:00,7.940000057220459,8.279999732971191,7.940000057220459,8.050000190734863,8100,0.0,0.0
2022-05-02 00:00:00-04:00,7.849999904632568,7.849999904632568,7.579999923706055,7.599999904632568,8600,0.0,0.0
2022-05-03 00:00:00-04:00,7.380000114440918,7.559999942779541,7.269999980926514,7.308000087738037,6000,0.0,0.0
2022-05-04 00:00:00-04:00,7.210000038146973,7.294000148773193,6.800000190734863,7.159999847412109,20600,0.0,0.0
2022-05-05 00:00:00-04:00,7.550000190734863,7.632999897003174,6.960000038146973,7.010000228881836,9800,0.0,0.0
2022-05-06 00:00:00-04:00,7.328000068664551,7.328000068664551,6.76200008392334,6.843999862670898,5800,0.0,0.0
2022-05-09 00:00:00-04:00,6.940000057220459,6.940000057220459,6.296000003814697,6.590000152587891,5800,0.0,0.0
2022-05-10 00:00:00-04:00,6.230000019073486,6.313000202178955,5.978000164031982,6.150000095367432,6000,0.0,0.0
2022-05-11 00:00:00-04:00,6.074999809265137,6.2170000076293945,5.980000019073486,5.980000019073486,9600,0.0,0.0
2022-05-12 00:00:00-04:00,6.090000152587891,6.090000152587891,5.920000076293945,6.077000141143799,10500,0.0,0.0
2022-05-13 00:00:00-04:00,7.010000228881836,7.130000114440918,6.420000076293945,6.900000095367432,403300,0.0,0.0
2022-05-16 00:00:00-04:00,6.239999771118164,6.46999979019165,6.239999771118164,6.429999828338623,31900,0.0,0.0
2022-05-17 00:00:00-04:00,6.869999885559082,7.059999942779541,6.625,6.630000114440918,46800,0.0,0.0
2022-05-18 00:00:00-04:00,6.989999771118164,7.25,6.989999771118164,7.210000038146973,41400,0.0,0.0
2022-05-19 00:00:00-04:00,7.050000190734863,7.300000190734863,7.039999961853027,7.079999923706055,93400,0.0,0.0
2022-05-20 00:00:00-04:00,7.21999979019165,7.315000057220459,7.020999908447266,7.21999979019165,61300,0.0,0.0
2022-05-23 00:00:00-04:00,7.260000228881836,7.260000228881836,7.03000020980835,7.099999904632568,36500,0.0,0.0
2022-05-24 00:00:00-04:00,7.150000095367432,7.25,6.849999904632568,6.882999897003174,91000,0.0,0.0
2022-05-25 00:00:00-04:00,7.269999980926514,7.269999980926514,6.71999979019165,6.860000133514404,83100,0.0,0.0
2022-05-26 00:00:00-04:00,7.0,7.034999847412109,6.659999847412109,6.96999979019165,5100,0.0,0.0
2022-05-27 00:00:00-04:00,7.369999885559082,7.789999961853027,7.139999866485596,7.710000038146973,159800,0.0,0.0
2022-05-31 00:00:00-04:00,7.400000095367432,7.800000190734863,7.300000190734863,7.599999904632568,21300,0.0,0.0
2022-06-01 00:00:00-04:00,7.5,7.539999961853027,6.88100004196167,7.329999923706055,35900,0.0,0.0
2022-06-02 00:00:00-04:00,6.916999816894531,7.199999809265137,6.824999809265137,6.929999828338623,3300,0.0,0.0
2022-06-03 00:00:00-04:00,7.070000171661377,7.409999847412109,6.929999828338623,7.409999847412109,5500,0.0,0.0
2022-06-06 00:00:00-04:00,7.210000038146973,7.300000190734863,6.894999980926514,7.110000133514404,38700,0.0,0.0
2022-06-07 00:00:00-04:00,6.880000114440918,7.400000095367432,6.849999904632568,7.349999904632568,25500,0.0,0.0
2022-06-08 00:00:00-04:00,7.539999961853027,7.75,7.420000076293945,7.420000076293945,10600,0.0,0.0
2022-06-09 00:00:00-04:00,7.300000190734863,7.300000190734863,7.099999904632568,7.170000076293945,24000,0.0,0.0
2022-06-10 00:00:00-04:00,7.0,7.199999809265137,6.849999904632568,7.199999809265137,13500,0.0,0.0
2022-06-13 00:00:00-04:00,6.460000038146973,6.989999771118164,6.265999794006348,6.539999961853027,13600,0.0,0.0
2022-06-14 00:00:00-04:00,6.260000228881836,6.599999904632568,6.0,6.599999904632568,48500,0.0,0.0
2022-06-15 00:00:00-04:00,6.179999828338623,6.789999961853027,6.164999961853027,6.789999961853027,58800,0.0,0.0
2022-06-16 00:00:00-04:00,6.489999771118164,6.489999771118164,6.260000228881836,6.409999847412109,8200,0.0,0.0
2022-06-17 00:00:00-04:00,6.409999847412109,7.485000133514404,6.409999847412109,6.670000076293945,19000,0.0,0.0
2022-06-21 00:00:00-04:00,7.230000019073486,7.769999980926514,7.119999885559082,7.300000190734863,23700,0.0,0.0
2022-06-22 00:00:00-04:00,7.170000076293945,8.0,7.170000076293945,7.389999866485596,20600,0.0,0.0
2022-06-23 00:00:00-04:00,7.380000114440918,7.980000019073486,7.260000228881836,7.980000019073486,8200,0.0,0.0
2022-06-24 00:00:00-04:00,7.5,7.519999980926514,7.320000171661377,7.400000095367432,11300,0.0,0.0
2022-06-27 00:00:00-04:00,7.429999828338623,7.5,7.139999866485596,7.5,11400,0.0,0.0
2022-06-28 00:00:00-04:00,7.400000095367432,7.650000095367432,7.260000228881836,7.579999923706055,9600,0.0,0.0
2022-06-29 00:00:00-04:00,7.119999885559082,7.349999904632568,6.829999923706055,6.960000038146973,28300,0.0,0.0
2022-06-30 00:00:00-04:00,6.699999809265137,6.900000095367432,6.666999816894531,6.78000020980835,7300,0.0,0.0
2022-07-01 00:00:00-04:00,6.809999942779541,6.943999767303467,6.75,6.943999767303467,9000,0.0,0.0
2022-07-05 00:00:00-04:00,6.320000171661377,6.900000095367432,6.320000171661377,6.900000095367432,27200,0.0,0.0
2022-07-06 00:00:00-04:00,6.869999885559082,7.050000190734863,6.5929999351501465,6.760000228881836,18500,0.0,0.0
2022-07-07 00:00:00-04:00,6.800000190734863,7.199999809265137,6.699999809265137,7.079999923706055,25900,0.0,0.0
2022-07-08 00:00:00-04:00,6.929999828338623,7.090000152587891,6.889999866485596,7.090000152587891,5600,0.0,0.0
2022-07-11 00:00:00-04:00,7.03000020980835,7.039999961853027,6.894000053405762,6.894000053405762,1300,0.0,0.0
2022-07-12 00:00:00-04:00,6.820000171661377,6.829999923706055,6.4079999923706055,6.619999885559082,3700,0.0,0.0
2022-07-13 00:00:00-04:00,6.460000038146973,6.599999904632568,6.340000152587891,6.400000095367432,6500,0.0,0.0
2022-07-14 00:00:00-04:00,6.234000205993652,6.349999904632568,6.139999866485596,6.349999904632568,1000,0.0,0.0
2022-07-15 00:00:00-04:00,6.110000133514404,6.349999904632568,5.949999809265137,6.320000171661377,20700,0.0,0.0
2022-07-18 00:00:00-04:00,6.300000190734863,6.400000095367432,6.300000190734863,6.300000190734863,6500,0.0,0.0
2022-07-19 00:00:00-04:00,6.172999858856201,6.460000038146973,6.172999858856201,6.460000038146973,13300,0.0,0.0
2022-07-20 00:00:00-04:00,6.315000057220459,6.559999942779541,6.300000190734863,6.460000038146973,16900,0.0,0.0
2022-07-21 00:00:00-04:00,6.150000095367432,6.71999979019165,6.150000095367432,6.239999771118164,40500,0.0,0.0
2022-07-22 00:00:00-04:00,6.228000164031982,6.429999828338623,6.190000057220459,6.309999942779541,20200,0.0,0.0
2022-07-25 00:00:00-04:00,6.25,6.380000114440918,6.25,6.309999942779541,20700,0.0,0.0
2022-07-26 00:00:00-04:00,6.320000171661377,6.699999809265137,6.320000171661377,6.489999771118164,10100,0.0,0.0
2022-07-27 00:00:00-04:00,6.320000171661377,6.400000095367432,6.309999942779541,6.329999923706055,4400,0.0,0.0
2022-07-28 00:00:00-04:00,6.230000019073486,6.449999809265137,6.230000019073486,6.329999923706055,4400,0.0,0.0
2022-07-29 00:00:00-04:00,6.449999809265137,6.449999809265137,6.190000057220459,6.190000057220459,4500,0.0,0.0
2022-08-01 00:00:00-04:00,6.239999771118164,6.289999961853027,6.239999771118164,6.28000020980835,1400,0.0,0.0
2022-08-02 00:00:00-04:00,6.199999809265137,6.570000171661377,6.190000057220459,6.460000038146973,16000,0.0,0.0
2022-08-03 00:00:00-04:00,6.599999904632568,6.876999855041504,6.599999904632568,6.849999904632568,12000,0.0,0.0
2022-08-04 00:00:00-04:00,6.619999885559082,6.909999847412109,6.559999942779541,6.909999847412109,800,0.0,0.0
2022-08-05 00:00:00-04:00,6.820000171661377,6.909999847412109,6.78000020980835,6.867000102996826,14400,0.0,0.0
2022-08-08 00:00:00-04:00,6.646999835968018,6.739999771118164,6.519999980926514,6.739999771118164,7400,0.0,0.0
2022-08-09 00:00:00-04:00,6.619999885559082,6.619999885559082,6.53000020980835,6.599999904632568,2000,0.0,0.0
2022-08-10 00:00:00-04:00,6.513000011444092,6.71999979019165,6.513000011444092,6.682000160217285,2200,0.0,0.0
2022-08-11 00:00:00-04:00,6.579999923706055,6.840000152587891,6.400000095367432,6.489999771118164,9300,0.0,0.0
2022-08-12 00:00:00-04:00,6.489999771118164,6.900000095367432,6.489999771118164,6.900000095367432,5100,0.0,0.0
2022-08-15 00:00:00-04:00,6.754000186920166,6.8520002365112305,6.570000171661377,6.789999961853027,1600,0.0,0.0
2022-08-16 00:00:00-04:00,6.789999961853027,6.800000190734863,6.679999828338623,6.699999809265137,1800,0.0,0.0
2022-08-17 00:00:00-04:00,6.480000019073486,6.630000114440918,6.429999828338623,6.630000114440918,1400,0.0,0.0
2022-08-18 00:00:00-04:00,6.28000020980835,6.425000190734863,6.099999904632568,6.389999866485596,15400,0.0,0.0
2022-08-19 00:00:00-04:00,6.304999828338623,6.599999904632568,6.300000190734863,6.590000152587891,20900,0.0,0.0
2022-08-22 00:00:00-04:00,6.309999942779541,6.519999980926514,6.199999809265137,6.440000057220459,2100,0.0,0.0
2022-08-23 00:00:00-04:00,6.099999904632568,6.320000171661377,6.039999961853027,6.320000171661377,6300,0.0,0.0
2022-08-24 00:00:00-04:00,5.980000019073486,6.320000171661377,5.980000019073486,6.300000190734863,7200,0.0,0.0
2022-08-25 00:00:00-04:00,6.230000019073486,6.949999809265137,6.230000019073486,6.940000057220459,7000,0.0,0.0
2022-08-26 00:00:00-04:00,6.550000190734863,6.630000114440918,6.429999828338623,6.429999828338623,8900,0.0,0.0
2022-08-29 00:00:00-04:00,5.769999980926514,6.130000114440918,5.769999980926514,6.079999923706055,13600,0.0,0.0
2022-08-30 00:00:00-04:00,6.0,6.0,5.639999866485596,5.880000114440918,20300,0.0,0.0
2022-08-31 00:00:00-04:00,5.75,5.920000076293945,5.710000038146973,5.860000133514404,8900,0.0,0.0
2022-09-01 00:00:00-04:00,5.559999942779541,5.760000228881836,5.550000190734863,5.710000038146973,17200,0.0,0.0
2022-09-02 00:00:00-04:00,5.829999923706055,5.909999847412109,5.769999980926514,5.789999961853027,4000,0.0,0.0
2022-09-06 00:00:00-04:00,5.659999847412109,5.710000038146973,5.5,5.599999904632568,7700,0.0,0.0
2022-09-07 00:00:00-04:00,5.690000057220459,5.849999904632568,5.604000091552734,5.699999809265137,8100,0.0,0.0
2022-09-08 00:00:00-04:00,5.849999904632568,5.960000038146973,5.710000038146973,5.730000019073486,14300,0.0,0.0
2022-09-09 00:00:00-04:00,6.139999866485596,6.170000076293945,5.929999828338623,6.059999942779541,21400,0.0,0.0
2022-09-12 00:00:00-04:00,6.309999942779541,6.309999942779541,6.230000019073486,6.25,31900,0.0,0.0
2022-09-13 00:00:00-04:00,6.0,6.076000213623047,6.0,6.076000213623047,2500,0.0,0.0
2022-09-14 00:00:00-04:00,6.190000057220459,6.21999979019165,6.050000190734863,6.050000190734863,2500,0.0,0.0
2022-09-15 00:00:00-04:00,6.230000019073486,6.309999942779541,6.139999866485596,6.309999942779541,25700,0.0,0.0
2022-09-16 00:00:00-04:00,6.329999923706055,6.389999866485596,6.260000228881836,6.389999866485596,13300,0.0,0.0
2022-09-19 00:00:00-04:00,6.179999828338623,6.269999980926514,6.179999828338623,6.238999843597412,3300,0.0,0.0
2022-09-20 00:00:00-04:00,6.210000038146973,6.210000038146973,6.208000183105469,6.208000183105469,1400,0.0,0.0
2022-09-21 00:00:00-04:00,6.2789998054504395,6.2789998054504395,6.21999979019165,6.21999979019165,500,0.0,0.0
2022-09-22 00:00:00-04:00,6.079999923706055,6.079999923706055,6.079999923706055,6.079999923706055,200,0.0,0.0
2022-09-23 00:00:00-04:00,6.119999885559082,6.119999885559082,6.03000020980835,6.119999885559082,1700,0.0,0.0
2022-09-26 00:00:00-04:00,6.070000171661377,6.105000019073486,6.0,6.0229997634887695,4200,0.0,0.0
2022-09-27 00:00:00-04:00,6.230000019073486,6.348999977111816,6.1529998779296875,6.1529998779296875,4800,0.0,0.0
2022-09-28 00:00:00-04:00,6.289999961853027,6.389999866485596,5.989999771118164,6.320000171661377,3800,0.0,0.0
2022-09-29 00:00:00-04:00,6.179999828338623,6.25,6.130000114440918,6.210000038146973,3500,0.0,0.0
2022-09-30 00:00:00-04:00,6.489999771118164,7.2769999504089355,6.455999851226807,6.690000057220459,4200,0.0,0.0
2022-10-03 00:00:00-04:00,6.810999870300293,7.050000190734863,6.591000080108643,7.03000020980835,15200,0.0,0.0
2022-10-04 00:00:00-04:00,6.800000190734863,7.000999927520752,6.699999809265137,6.940000057220459,5900,0.0,0.0
2022-10-05 00:00:00-04:00,6.505000114440918,6.75,6.300000190734863,6.539999961853027,4300,0.0,0.0
2022-10-06 00:00:00-04:00,6.539999961853027,6.539999961853027,6.539999961853027,6.539999961853027,0,0.0,0.0
2022-10-07 00:00:00-04:00,6.5289998054504395,6.670000076293945,6.5289998054504395,6.610000133514404,800,0.0,0.0
2022-10-10 00:00:00-04:00,6.130000114440918,6.130000114440918,6.007999897003174,6.09499979019165,3200,0.0,0.0
2022-10-11 00:00:00-04:00,6.0,6.333000183105469,6.0,6.258999824523926,21200,0.0,0.0
2022-10-12 00:00:00-04:00,6.389999866485596,6.544000148773193,6.150000095367432,6.179999828338623,45600,0.0,0.0
2022-10-13 00:00:00-04:00,6.120999813079834,6.232999801635742,6.0,6.232999801635742,17800,0.0,0.0
2022-10-14 00:00:00-04:00,6.309000015258789,6.340000152587891,6.0,6.090000152587891,17500,0.0,0.0
2022-10-17 00:00:00-04:00,6.349999904632568,6.574999809265137,6.0,6.230000019073486,38600,0.0,0.0
2022-10-18 00:00:00-04:00,6.480000019073486,6.570000171661377,6.210000038146973,6.25,12700,0.0,0.0
2022-10-19 00:00:00-04:00,6.320000171661377,6.361999988555908,6.0320000648498535,6.0320000648498535,1400,0.0,0.0
2022-10-20 00:00:00-04:00,6.110000133514404,6.349999904632568,6.110000133514404,6.130000114440918,4800,0.0,0.0
2022-10-21 00:00:00-04:00,6.340000152587891,6.510000228881836,6.190000057220459,6.38700008392334,6400,0.0,0.0
2022-10-24 00:00:00-04:00,6.340000152587891,6.369999885559082,6.045000076293945,6.099999904632568,1900,0.0,0.0
2022-10-25 00:00:00-04:00,6.340000152587891,6.349999904632568,6.340000152587891,6.349999904632568,1200,0.0,0.0
2022-10-26 00:00:00-04:00,6.730000019073486,6.730000019073486,6.550000190734863,6.583000183105469,10900,0.0,0.0
2022-10-27 00:00:00-04:00,6.239999771118164,6.920000076293945,6.239999771118164,6.409999847412109,11300,0.0,0.0
2022-10-28 00:00:00-04:00,6.46999979019165,6.480000019073486,6.0,6.2779998779296875,5100,0.0,0.0
2022-10-31 00:00:00-04:00,6.400000095367432,6.46999979019165,6.230000019073486,6.230000019073486,4900,0.0,0.0
2022-11-01 00:00:00-04:00,6.389999866485596,6.409999847412109,6.159999847412109,6.159999847412109,1300,0.0,0.0
2022-11-02 00:00:00-04:00,6.329999923706055,6.340000152587891,6.230000019073486,6.236000061035156,8100,0.0,0.0
2022-11-03 00:00:00-04:00,6.184999942779541,6.25,6.184999942779541,6.25,1100,0.0,0.0
2022-11-04 00:00:00-04:00,6.311999797821045,6.311999797821045,5.989999771118164,6.090000152587891,17600,0.0,0.0
2022-11-07 00:00:00-05:00,6.355000019073486,6.355000019073486,6.139999866485596,6.26200008392334,31900,0.0,0.0
2022-11-08 00:00:00-05:00,6.380000114440918,6.420000076293945,6.27400016784668,6.3470001220703125,14800,0.0,0.0
2022-11-09 00:00:00-05:00,6.440000057220459,6.46999979019165,6.349999904632568,6.440000057220459,5800,0.0,0.0
2022-11-10 00:00:00-05:00,6.578000068664551,6.690000057220459,6.260000228881836,6.369999885559082,35300,0.0,0.0
2022-11-11 00:00:00-05:00,6.489999771118164,6.699999809265137,6.360000133514404,6.630000114440918,8300,0.0,0.0
2022-11-14 00:00:00-05:00,6.820000171661377,6.940000057220459,6.656000137329102,6.809999942779541,26500,0.0,0.0
2022-11-15 00:00:00-05:00,6.940000057220459,6.940000057220459,6.940000057220459,6.940000057220459,2000,0.0,0.0
2022-11-16 00:00:00-05:00,6.840000152587891,6.849999904632568,6.840000152587891,6.840000152587891,1300,0.0,0.0
2022-11-17 00:00:00-05:00,6.78000020980835,6.78000020980835,6.5,6.6519999504089355,6300,0.0,0.0
2022-11-18 00:00:00-05:00,6.670000076293945,6.679999828338623,6.590000152587891,6.659999847412109,1600,0.0,0.0
2022-11-21 00:00:00-05:00,6.489999771118164,6.489999771118164,6.489999771118164,6.489999771118164,200,0.0,0.0
2022-11-22 00:00:00-05:00,6.389999866485596,6.389999866485596,6.389999866485596,6.389999866485596,200,0.0,0.0
2022-11-23 00:00:00-05:00,6.34499979019165,7.0,6.34499979019165,6.690999984741211,4900,0.0,0.0
2022-11-25 00:00:00-05:00,6.619999885559082,6.619999885559082,6.559999942779541,6.570000171661377,800,0.0,0.0
2022-11-28 00:00:00-05:00,6.505000114440918,6.754000186920166,6.505000114440918,6.659999847412109,2700,0.0,0.0
2022-11-29 00:00:00-05:00,6.659999847412109,6.659999847412109,6.659999847412109,6.659999847412109,0,0.0,0.0
2022-11-30 00:00:00-05:00,6.639999866485596,6.639999866485596,6.400000095367432,6.400000095367432,2500,0.0,0.0
2022-12-01 00:00:00-05:00,7.099999904632568,7.25,6.618000030517578,7.079999923706055,14300,0.0,0.0
2022-12-02 00:00:00-05:00,7.197000026702881,7.21999979019165,6.889999866485596,6.960000038146973,23100,0.0,0.0
2022-12-05 00:00:00-05:00,7.150000095367432,7.150000095367432,6.550000190734863,6.820000171661377,6900,0.0,0.0
2022-12-06 00:00:00-05:00,6.639999866485596,6.639999866485596,6.639999866485596,6.639999866485596,800,0.0,0.0
2022-12-07 00:00:00-05:00,6.65500020980835,6.65500020980835,6.65500020980835,6.65500020980835,300,0.0,0.0
2022-12-08 00:00:00-05:00,6.65500020980835,6.65500020980835,6.65500020980835,6.65500020980835,0,0.0,0.0
2022-12-09 00:00:00-05:00,6.880000114440918,6.880000114440918,6.53000020980835,6.679999828338623,1300,0.0,0.0
2022-12-12 00:00:00-05:00,6.664999961853027,6.900000095367432,6.630000114440918,6.699999809265137,15800,0.0,0.0
2022-12-13 00:00:00-05:00,6.829999923706055,6.909999847412109,6.744999885559082,6.909999847412109,25000,0.0,0.0
2022-12-14 00:00:00-05:00,6.71999979019165,7.044000148773193,6.659999847412109,7.044000148773193,1200,0.0,0.0
2022-12-15 00:00:00-05:00,6.789999961853027,6.840000152587891,6.789999961853027,6.840000152587891,1400,0.0,0.0
2022-12-16 00:00:00-05:00,6.599999904632568,6.599999904632568,6.599999904632568,6.599999904632568,300,0.0,0.0
2022-12-19 00:00:00-05:00,6.550000190734863,6.559999942779541,6.400000095367432,6.400000095367432,1900,0.0,0.0
2022-12-20 00:00:00-05:00,6.639999866485596,6.690000057220459,6.519999980926514,6.690000057220459,1900,0.0,0.0
2022-12-21 00:00:00-05:00,6.639999866485596,6.650000095367432,6.550000190734863,6.550000190734863,900,0.0,0.0
2022-12-22 00:00:00-05:00,6.489999771118164,6.53000020980835,6.263000011444092,6.5,1300,0.0,0.0
2022-12-23 00:00:00-05:00,6.5,6.554999828338623,6.5,6.554999828338623,5400,0.0,0.0
2022-12-27 00:00:00-05:00,6.5,6.5,6.070000171661377,6.24399995803833,3700,0.0,0.0
2022-12-28 00:00:00-05:00,6.179999828338623,6.380000114440918,6.170000076293945,6.25,1700,0.0,0.0
2022-12-29 00:00:00-05:00,6.269999980926514,6.269999980926514,6.170000076293945,6.170000076293945,1000,0.0,0.0
2022-12-30 00:00:00-05:00,6.110000133514404,6.550000190734863,5.913000106811523,6.550000190734863,11300,0.0,0.0
2023-01-03 00:00:00-05:00,6.420000076293945,6.420000076293945,6.420000076293945,6.420000076293945,300,0.0,0.0
2023-01-04 00:00:00-05:00,6.320000171661377,6.539999961853027,6.320000171661377,6.539999961853027,500,0.0,0.0
2023-01-05 00:00:00-05:00,6.301000118255615,6.349999904632568,6.301000118255615,6.306000232696533,1000,0.0,0.0
2023-01-06 00:00:00-05:00,6.309999942779541,6.310999870300293,6.309999942779541,6.310999870300293,1000,0.0,0.0
2023-01-09 00:00:00-05:00,7.065000057220459,7.139999866485596,7.0,7.0,2200,0.0,0.0
2023-01-10 00:00:00-05:00,6.809999942779541,6.9770002365112305,6.809999942779541,6.869999885559082,4500,0.0,0.0
2023-01-11 00:00:00-05:00,6.64300012588501,6.64300012588501,6.64300012588501,6.64300012588501,1700,0.0,0.0
2023-01-12 00:00:00-05:00,6.449999809265137,6.449999809265137,6.329999923706055,6.436999797821045,800,0.0,0.0
2023-01-13 00:00:00-05:00,6.802999973297119,6.802999973297119,6.802999973297119,6.802999973297119,1500,0.0,0.0
2023-01-17 00:00:00-05:00,6.960000038146973,7.119999885559082,6.895999908447266,7.0,2500,0.0,0.0
2023-01-18 00:00:00-05:00,7.0,7.0,7.0,7.0,0,0.0,0.0
2023-01-19 00:00:00-05:00,7.079999923706055,7.079999923706055,7.039999961853027,7.039999961853027,600,0.0,0.0
2023-01-20 00:00:00-05:00,6.96999979019165,7.03000020980835,6.840000152587891,7.03000020980835,7800,0.0,0.0
2023-01-23 00:00:00-05:00,7.130000114440918,7.360000133514404,7.130000114440918,7.320000171661377,2300,0.0,0.0
2023-01-24 00:00:00-05:00,7.139999866485596,7.260000228881836,7.0,7.195000171661377,1900,0.0,0.0
2023-01-25 00:00:00-05:00,7.0,7.0,7.0,7.0,600,0.0,0.0
2023-01-26 00:00:00-05:00,6.699999809265137,6.734000205993652,6.699999809265137,6.734000205993652,400,0.0,0.0
2023-01-27 00:00:00-05:00,6.5,6.670000076293945,6.5,6.579999923706055,4200,0.0,0.0
2023-01-30 00:00:00-05:00,6.449999809265137,6.639999866485596,6.328999996185303,6.610000133514404,4900,0.0,0.0
2023-01-31 00:00:00-05:00,6.329999923706055,6.460000038146973,6.329999923706055,6.449999809265137,2900,0.0,0.0
2023-02-01 00:00:00-05:00,6.409999847412109,6.53000020980835,6.400000095367432,6.484000205993652,4600,0.0,0.0
2023-02-02 00:00:00-05:00,6.75,6.769999980926514,6.630000114440918,6.630000114440918,1800,0.0,0.0
2023-02-03 00:00:00-05:00,6.5,6.708000183105469,6.489999771118164,6.5,3800,0.0,0.0
2023-02-06 00:00:00-05:00,6.570000171661377,6.639999866485596,6.570000171661377,6.63100004196167,2400,0.0,0.0
2023-02-07 00:00:00-05:00,6.480000019073486,6.974999904632568,6.480000019073486,6.909999847412109,11000,0.0,0.0
2023-02-08 00:00:00-05:00,6.619999885559082,6.650000095367432,6.451000213623047,6.53000020980835,3900,0.0,0.0
2023-02-09 00:00:00-05:00,6.610000133514404,6.670000076293945,6.610000133514404,6.670000076293945,900,0.0,0.0
2023-02-10 00:00:00-05:00,6.670000076293945,6.670000076293945,6.670000076293945,6.670000076293945,300,0.0,0.0
2023-02-13 00:00:00-05:00,6.670000076293945,6.670000076293945,6.670000076293945,6.670000076293945,0,0.0,0.0
2023-02-14 00:00:00-05:00,6.434999942779541,6.539999961853027,6.434999942779541,6.539999961853027,800,0.0,0.0
2023-02-15 00:00:00-05:00,6.46999979019165,6.53000020980835,6.364999771118164,6.420000076293945,3700,0.0,0.0
2023-02-16 00:00:00-05:00,6.300000190734863,6.699999809265137,5.980000019073486,6.690000057220459,9900,0.0,0.0
2023-02-17 00:00:00-05:00,6.260000228881836,6.329999923706055,6.260000228881836,6.28000020980835,600,0.0,0.0
2023-02-21 00:00:00-05:00,6.380000114440918,6.380000114440918,6.204999923706055,6.300000190734863,700,0.0,0.0
2023-02-22 00:00:00-05:00,6.28000020980835,6.544000148773193,6.269999980926514,6.349999904632568,1000,0.0,0.0
2023-02-23 00:00:00-05:00,6.349999904632568,6.349999904632568,6.349999904632568,6.349999904632568,0,0.0,0.0
2023-02-24 00:00:00-05:00,6.079999923706055,6.4079999923706055,6.079999923706055,6.159999847412109,900,0.0,0.0
2023-02-27 00:00:00-05:00,6.090000152587891,6.298999786376953,6.070000171661377,6.298999786376953,5300,0.0,0.0
2023-02-28 00:00:00-05:00,6.380000114440918,6.380000114440918,6.239999771118164,6.25,3500,0.0,0.0
2023-03-01 00:00:00-05:00,6.130000114440918,6.130000114440918,6.0320000648498535,6.0320000648498535,500,0.0,0.0
2023-03-02 00:00:00-05:00,6.21999979019165,6.21999979019165,6.21999979019165,6.21999979019165,400,0.0,0.0
2023-03-03 00:00:00-05:00,6.21999979019165,6.21999979019165,6.21999979019165,6.21999979019165,0,0.0,0.0
2023-03-06 00:00:00-05:00,5.980000019073486,5.980000019073486,5.980000019073486,5.980000019073486,200,0.0,0.0
2023-03-07 00:00:00-05:00,6.376999855041504,6.376999855041504,6.0970001220703125,6.0970001220703125,400,0.0,0.0
2023-03-08 00:00:00-05:00,6.300000190734863,6.489999771118164,6.105000019073486,6.489999771118164,1300,0.0,0.0
2023-03-09 00:00:00-05:00,6.349999904632568,6.349999904632568,5.78000020980835,6.144999980926514,2000,0.0,0.0
2023-03-10 00:00:00-05:00,6.181000232696533,6.181000232696533,5.914999961853027,5.914999961853027,1600,0.0,0.0
2023-03-13 00:00:00-04:00,6.110000133514404,6.449999809265137,6.110000133514404,6.449999809265137,1400,0.0,0.0
2023-03-14 00:00:00-04:00,6.090000152587891,6.0920000076293945,5.9019999504089355,5.949999809265137,4700,0.0,0.0
2023-03-15 00:00:00-04:00,5.829999923706055,5.909999847412109,5.820000171661377,5.860000133514404,4300,0.0,0.0
2023-03-16 00:00:00-04:00,5.949999809265137,6.010000228881836,5.900000095367432,6.0,5600,0.0,0.0
2023-03-17 00:00:00-04:00,5.900000095367432,5.980000019073486,5.900000095367432,5.900000095367432,1100,0.0,0.0
2023-03-20 00:00:00-04:00,5.880000114440918,6.0,5.869999885559082,6.0,3300,0.0,0.0
2023-03-21 00:00:00-04:00,5.710000038146973,6.019999980926514,5.710000038146973,5.960000038146973,7000,0.0,0.0
2023-03-22 00:00:00-04:00,5.921000003814697,5.96999979019165,5.803999900817871,5.803999900817871,1300,0.0,0.0
2023-03-23 00:00:00-04:00,5.840000152587891,5.989999771118164,5.840000152587891,5.989999771118164,2100,0.0,0.0
2023-03-24 00:00:00-04:00,5.960000038146973,6.0,5.940000057220459,5.940000057220459,1100,0.0,0.0
2023-03-27 00:00:00-04:00,6.0,6.0,6.0,6.0,300,0.0,0.0
2023-03-28 00:00:00-04:00,6.0,6.114999771118164,6.0,6.114999771118164,700,0.0,0.0
2023-03-29 00:00:00-04:00,6.070000171661377,6.070000171661377,6.070000171661377,6.070000171661377,200,0.0,0.0
2023-03-30 00:00:00-04:00,6.070000171661377,6.070000171661377,6.070000171661377,6.070000171661377,0,0.0,0.0
2023-03-31 00:00:00-04:00,6.038000106811523,6.038000106811523,6.038000106811523,6.038000106811523,300,0.0,0.0
2023-04-03 00:00:00-04:00,5.820000171661377,6.03000020980835,5.820000171661377,6.03000020980835,2500,0.0,0.0
2023-04-04 00:00:00-04:00,6.03000020980835,6.03000020980835,6.03000020980835,6.03000020980835,0,0.0,0.0
2023-04-05 00:00:00-04:00,5.949999809265137,5.949999809265137,5.809999942779541,5.809999942779541,800,0.0,0.0
2023-04-06 00:00:00-04:00,5.900000095367432,6.449999809265137,5.900000095367432,6.2270002365112305,3000,0.0,0.0
2023-04-10 00:00:00-04:00,6.190000057220459,6.190000057220459,6.150000095367432,6.150000095367432,1400,0.0,0.0
2023-04-11 00:00:00-04:00,6.019999980926514,6.019999980926514,6.019999980926514,6.019999980926514,1000,0.0,0.0
2023-04-12 00:00:00-04:00,6.300000190734863,6.449999809265137,6.190000057220459,6.190000057220459,1800,0.0,0.0
2023-04-13 00:00:00-04:00,6.46999979019165,6.46999979019165,6.46999979019165,6.46999979019165,200,0.0,0.0
2023-04-14 00:00:00-04:00,6.53000020980835,6.53000020980835,6.53000020980835,6.53000020980835,100,0.0,0.0
2023-04-17 00:00:00-04:00,6.349999904632568,6.349999904632568,6.349999904632568,6.349999904632568,300,0.0,0.0
2023-04-18 00:00:00-04:00,5.900000095367432,5.900000095367432,5.900000095367432,5.900000095367432,600,0.0,0.0
2023-04-19 00:00:00-04:00,6.230000019073486,6.230000019073486,6.199999809265137,6.230000019073486,1700,0.0,0.0
2023-04-20 00:00:00-04:00,6.389999866485596,6.650000095367432,6.320000171661377,6.489999771118164,2500,0.0,0.0
2023-04-21 00:00:00-04:00,6.550000190734863,6.599999904632568,6.380000114440918,6.579999923706055,1300,0.0,0.0
2023-04-24 00:00:00-04:00,6.650000095367432,6.709000110626221,6.599999904632568,6.610000133514404,2900,0.0,0.0
2023-04-25 00:00:00-04:00,6.610000133514404,6.610000133514404,6.5,6.559999942779541,4200,0.0,0.0
2023-04-26 00:00:00-04:00,6.650000095367432,6.670000076293945,6.630000114440918,6.670000076293945,1800,0.0,0.0
2023-04-27 00:00:00-04:00,6.480000019073486,6.485000133514404,6.480000019073486,6.485000133514404,2100,0.0,0.0
2023-04-28 00:00:00-04:00,6.590000152587891,6.590000152587891,6.590000152587891,6.590000152587891,300,0.0,0.0
2023-05-01 00:00:00-04:00,6.5,6.5,6.400000095367432,6.5,1700,0.0,0.0
2023-05-02 00:00:00-04:00,6.670000076293945,6.699999809265137,6.670000076293945,6.699999809265137,1300,0.0,0.0
2023-05-03 00:00:00-04:00,6.800000190734863,6.800000190734863,6.800000190734863,6.800000190734863,1200,0.0,0.0
2023-05-04 00:00:00-04:00,6.800000190734863,6.800000190734863,6.800000190734863,6.800000190734863,0,0.0,0.0
2023-05-05 00:00:00-04:00,6.800000190734863,6.864999771118164,6.800000190734863,6.864999771118164,500,0.0,0.0
2023-05-08 00:00:00-04:00,6.739999771118164,6.739999771118164,6.739999771118164,6.739999771118164,300,0.0,0.0
2023-05-09 00:00:00-04:00,6.349999904632568,6.349999904632568,6.349999904632568,6.349999904632568,400,0.0,0.0
2023-05-10 00:00:00-04:00,6.349999904632568,6.349999904632568,6.349999904632568,6.349999904632568,500,0.0,0.0
2023-05-11 00:00:00-04:00,6.699999809265137,6.715000152587891,6.690000057220459,6.715000152587891,900,0.0,0.0
2023-05-12 00:00:00-04:00,6.698999881744385,6.75,6.698999881744385,6.75,1100,0.0,0.0
2023-05-15 00:00:00-04:00,6.619999885559082,6.619999885559082,6.619999885559082,6.619999885559082,700,0.0,0.0
2023-05-16 00:00:00-04:00,6.767000198364258,6.881999969482422,6.75,6.881999969482422,1000,0.0,0.0
2023-05-17 00:00:00-04:00,6.619999885559082,6.619999885559082,6.5,6.5,700,0.0,0.0
2023-05-18 00:00:00-04:00,6.5,6.5,6.5,6.5,0,0.0,0.0
2023-05-19 00:00:00-04:00,6.610000133514404,6.630000114440918,6.610000133514404,6.630000114440918,1800,0.0,0.0
2023-05-22 00:00:00-04:00,6.614999771118164,6.630000114440918,6.614999771118164,6.630000114440918,300,0.0,0.0
2023-05-23 00:00:00-04:00,6.559999942779541,6.559999942779541,6.550000190734863,6.550000190734863,1100,0.0,0.0
2023-05-24 00:00:00-04:00,6.550000190734863,6.550000190734863,6.550000190734863,6.550000190734863,300,0.0,0.0
2023-05-25 00:00:00-04:00,6.550000190734863,6.550000190734863,6.550000190734863,6.550000190734863,0,0.0,0.0
2023-05-26 00:00:00-04:00,6.53000020980835,6.53000020980835,6.53000020980835,6.53000020980835,400,0.0,0.0
2023-05-30 00:00:00-04:00,6.5,6.5,6.5,6.5,200,0.0,0.0
2023-05-31 00:00:00-04:00,6.300000190734863,6.5,6.300000190734863,6.420000076293945,8200,0.0,0.0
2023-06-01 00:00:00-04:00,6.28000020980835,6.289999961853027,6.130000114440918,6.289999961853027,4900,0.0,0.0
2023-06-02 00:00:00-04:00,6.53000020980835,6.599999904632568,6.46999979019165,6.599999904632568,4800,0.0,0.0
2023-06-05 00:00:00-04:00,6.630000114440918,7.320000171661377,6.579999923706055,6.699999809265137,5900,0.0,0.0
2023-06-06 00:00:00-04:00,6.784999847412109,6.800000190734863,6.760000228881836,6.760000228881836,1000,0.0,0.0
2023-06-07 00:00:00-04:00,6.650000095367432,6.650000095367432,6.650000095367432,6.650000095367432,300,0.0,0.0
2023-06-08 00:00:00-04:00,6.920000076293945,6.929999828338623,6.920000076293945,6.929999828338623,900,0.0,0.0
2023-06-09 00:00:00-04:00,6.61899995803833,6.840000152587891,6.61899995803833,6.840000152587891,1300,0.0,0.0
2023-06-12 00:00:00-04:00,6.677000045776367,6.739999771118164,6.677000045776367,6.739999771118164,400,0.0,0.0
2023-06-13 00:00:00-04:00,6.739999771118164,6.739999771118164,6.739999771118164,6.739999771118164,0,0.0,0.0
2023-06-14 00:00:00-04:00,6.739999771118164,6.739999771118164,6.739999771118164,6.739999771118164,0,0.0,0.0
2023-06-15 00:00:00-04:00,6.800000190734863,6.800000190734863,6.75,6.75,3300,0.0,0.0
2023-06-16 00:00:00-04:00,6.800000190734863,6.800000190734863,6.7829999923706055,6.7829999923706055,700,0.0,0.0
2023-06-20 00:00:00-04:00,6.611000061035156,6.611000061035156,6.50600004196167,6.50600004196167,1000,0.0,0.0
2023-06-21 00:00:00-04:00,6.50600004196167,6.50600004196167,6.50600004196167,6.50600004196167,0,0.0,0.0
2023-06-22 00:00:00-04:00,6.409999847412109,6.409999847412109,6.210000038146973,6.210000038146973,2300,0.0,0.0
2023-06-23 00:00:00-04:00,6.550000190734863,6.550000190734863,6.550000190734863,6.550000190734863,400,0.0,0.0
2023-06-26 00:00:00-04:00,6.130000114440918,6.130000114440918,6.130000114440918,6.130000114440918,300,0.0,0.0
2023-06-27 00:00:00-04:00,6.159999847412109,6.349999904632568,6.122000217437744,6.349999904632568,2500,0.0,0.0
2023-06-28 00:00:00-04:00,6.130000114440918,6.130000114440918,6.111000061035156,6.111000061035156,400,0.0,0.0
2023-06-29 00:00:00-04:00,6.21999979019165,6.21999979019165,6.21999979019165,6.21999979019165,200,0.0,0.0
2023-06-30 00:00:00-04:00,6.21999979019165,6.21999979019165,6.21999979019165,6.21999979019165,0,0.0,0.0
2023-07-03 00:00:00-04:00,6.070000171661377,6.09499979019165,5.949999809265137,6.09499979019165,4600,0.0,0.0
2023-07-05 00:00:00-04:00,6.09499979019165,6.09499979019165,6.09499979019165,6.09499979019165,0,0.0,0.0
2023-07-06 00:00:00-04:00,6.360000133514404,6.449999809265137,6.360000133514404,6.449999809265137,1000,0.0,0.0
2023-07-07 00:00:00-04:00,6.329999923706055,6.389999866485596,6.329999923706055,6.340000152587891,800,0.0,0.0
2023-07-10 00:00:00-04:00,6.440000057220459,6.440000057220459,6.400000095367432,6.400000095367432,700,0.0,0.0
2023-07-11 00:00:00-04:00,6.400000095367432,6.400000095367432,6.400000095367432,6.400000095367432,300,0.0,0.0
2023-07-12 00:00:00-04:00,6.400000095367432,6.400000095367432,6.400000095367432,6.400000095367432,0,0.0,0.0
2023-07-13 00:00:00-04:00,6.619999885559082,6.630000114440918,6.46999979019165,6.539999961853027,3200,0.0,0.0
2023-07-14 00:00:00-04:00,6.539999961853027,6.539999961853027,6.539999961853027,6.539999961853027,100,0.0,0.0
2023-07-17 00:00:00-04:00,6.5,6.685999870300293,6.5,6.685999870300293,1300,0.0,0.0
2023-07-18 00:00:00-04:00,6.685999870300293,6.685999870300293,6.685999870300293,6.685999870300293,100,0.0,0.0
2023-07-19 00:00:00-04:00,6.679999828338623,6.739999771118164,6.679999828338623,6.679999828338623,700,0.0,0.0
2023-07-20 00:00:00-04:00,6.679999828338623,6.679999828338623,6.679999828338623,6.679999828338623,0,0.0,0.0
2023-07-21 00:00:00-04:00,6.679999828338623,6.679999828338623,6.679999828338623,6.679999828338623,0,0.0,0.0
2023-07-24 00:00:00-04:00,6.190000057220459,6.190000057220459,6.190000057220459,6.190000057220459,100,0.0,0.0
2023-07-25 00:00:00-04:00,6.190000057220459,6.190000057220459,6.190000057220459,6.190000057220459,0,0.0,0.0
2023-07-26 00:00:00-04:00,6.255000114440918,6.255000114440918,6.255000114440918,6.255000114440918,200,0.0,0.0
2023-07-27 00:00:00-04:00,6.25,6.25,6.25,6.25,500,0.0,0.0
2023-07-28 00:00:00-04:00,6.170000076293945,6.170000076293945,5.985000133514404,5.985000133514404,1000,0.0,0.0
2023-07-31 00:00:00-04:00,5.985000133514404,5.985000133514404,5.985000133514404,5.985000133514404,100,0.0,0.0
2023-08-01 00:00:00-04:00,5.985000133514404,5.985000133514404,5.985000133514404,5.985000133514404,100,0.0,0.0
2023-08-02 00:00:00-04:00,6.074999809265137,6.074999809265137,6.074999809265137,6.074999809265137,600,0.0,0.0
2023-08-03 00:00:00-04:00,6.065000057220459,6.065000057220459,5.854000091552734,5.854000091552734,900,0.0,0.0
2023-08-04 00:00:00-04:00,6.199999809265137,6.199999809265137,6.199999809265137,6.199999809265137,400,0.0,0.0
2023-08-07 00:00:00-04:00,6.21999979019165,6.699999809265137,6.03000020980835,6.03000020980835,5100,0.0,0.0
2023-08-08 00:00:00-04:00,5.929999828338623,6.539999961853027,5.929999828338623,6.054999828338623,14900,0.0,0.0
2023-08-09 00:00:00-04:00,6.010000228881836,6.010000228881836,6.010000228881836,6.010000228881836,200,0.0,0.0
2023-08-10 00:00:00-04:00,6.010000228881836,6.010000228881836,6.010000228881836,6.010000228881836,100,0.0,0.0
2023-08-11 00:00:00-04:00,6.039999961853027,6.039999961853027,6.039999961853027,6.039999961853027,400,0.0,0.0
2023-08-14 00:00:00-04:00,6.650000095367432,6.650000095367432,6.632999897003174,6.632999897003174,14000,0.0,0.0
2023-08-15 00:00:00-04:00,6.031000137329102,6.130000114440918,5.909999847412109,6.070000171661377,6800,0.0,0.0
2023-08-16 00:00:00-04:00,6.070000171661377,6.070000171661377,6.070000171661377,6.070000171661377,100,0.0,0.0
2023-08-17 00:00:00-04:00,5.900000095367432,6.000999927520752,5.900000095367432,6.0,9000,0.0,0.0
2023-08-18 00:00:00-04:00,5.960000038146973,6.0,5.920000076293945,6.0,3800,0.0,0.0
2023-08-21 00:00:00-04:00,6.0,6.0,5.760000228881836,5.760000228881836,9800,0.0,0.0
2023-08-22 00:00:00-04:00,5.929999828338623,6.0,5.827000141143799,5.869999885559082,1600,0.0,0.0
2023-08-23 00:00:00-04:00,5.940000057220459,6.0,5.940000057220459,6.0,2500,0.0,0.0
2023-08-24 00:00:00-04:00,5.949999809265137,6.090000152587891,5.888999938964844,5.888999938964844,3700,0.0,0.0
2023-08-25 00:00:00-04:00,5.989999771118164,6.0,5.980000019073486,6.0,2400,0.0,0.0
2023-08-28 00:00:00-04:00,5.840000152587891,6.0,5.840000152587891,6.0,2300,0.0,0.0
2023-08-29 00:00:00-04:00,5.96999979019165,5.96999979019165,5.96999979019165,5.96999979019165,1000,0.0,0.0
2023-08-30 00:00:00-04:00,5.96999979019165,6.0,5.960000038146973,5.960000038146973,2200,0.0,0.0
2023-08-31 00:00:00-04:00,5.980000019073486,5.989999771118164,5.938000202178955,5.980000019073486,4400,0.0,0.0
2023-09-01 00:00:00-04:00,5.869999885559082,6.046999931335449,5.650000095367432,6.0,3100,0.0,0.0
2023-09-05 00:00:00-04:00,5.869999885559082,6.050000190734863,5.78000020980835,6.050000190734863,5000,0.0,0.0
2023-09-06 00:00:00-04:00,5.869999885559082,5.880000114440918,5.849999904632568,5.860000133514404,3800,0.0,0.0
2023-09-07 00:00:00-04:00,5.340000152587891,6.059999942779541,5.289999961853027,5.610000133514404,47200,0.0,0.0
2023-09-08 00:00:00-04:00,5.550000190734863,5.559999942779541,5.380000114440918,5.550000190734863,7300,0.0,0.0
2023-09-11 00:00:00-04:00,5.440000057220459,5.5,5.440000057220459,5.480000019073486,3200,0.0,0.0
2023-09-12 00:00:00-04:00,5.110000133514404,5.440000057220459,4.96999979019165,5.179999828338623,15900,0.0,0.0
2023-09-13 00:00:00-04:00,5.159999847412109,5.550000190734863,4.699999809265137,4.900000095367432,28500,0.0,0.0
2023-09-14 00:00:00-04:00,4.800000190734863,4.900000095367432,4.800000190734863,4.840000152587891,2500,0.0,0.0
2023-09-15 00:00:00-04:00,4.699999809265137,5.0,4.119999885559082,4.559999942779541,37600,0.0,0.0
2023-09-18 00:00:00-04:00,4.78000020980835,4.949999809265137,4.489999771118164,4.489999771118164,5800,0.0,0.0
2023-09-19 00:00:00-04:00,4.590000152587891,4.590000152587891,4.309999942779541,4.340000152587891,7500,0.0,0.0
2023-09-20 00:00:00-04:00,4.440000057220459,4.440000057220459,4.440000057220459,4.440000057220459,900,0.0,0.0
2023-09-21 00:00:00-04:00,4.425000190734863,4.425000190734863,4.425000190734863,4.425000190734863,400,0.0,0.0
2023-09-22 00:00:00-04:00,4.369999885559082,4.820000171661377,4.369999885559082,4.699999809265137,6200,0.0,0.0
2023-09-25 00:00:00-04:00,4.434999942779541,4.480000019073486,4.429999828338623,4.480000019073486,3300,0.0,0.0
2023-09-26 00:00:00-04:00,4.480000019073486,4.480000019073486,4.480000019073486,4.480000019073486,400,0.0,0.0
2023-09-27 00:00:00-04:00,4.260000228881836,4.260000228881836,4.179999828338623,4.179999828338623,1600,0.0,0.0
2023-09-28 00:00:00-04:00,4.170000076293945,4.170000076293945,4.170000076293945,4.170000076293945,500,0.0,0.0
2023-09-29 00:00:00-04:00,4.130000114440918,4.21999979019165,3.700000047683716,4.139999866485596,13000,0.0,0.0
2023-10-02 00:00:00-04:00,4.139999866485596,4.139999866485596,4.139999866485596,4.139999866485596,0,0.0,0.0
2023-10-03 00:00:00-04:00,4.139999866485596,4.139999866485596,4.139999866485596,4.139999866485596,0,0.0,0.0
2023-10-04 00:00:00-04:00,4.139999866485596,4.139999866485596,4.139999866485596,4.139999866485596,0,0.0,0.0
2023-10-05 00:00:00-04:00,4.139999866485596,4.139999866485596,4.139999866485596,4.139999866485596,0,0.0,0.0
2023-10-06 00:00:00-04:00,4.130000114440918,4.130000114440918,4.099999904632568,4.099999904632568,500,0.0,0.0
2023-10-09 00:00:00-04:00,4.099999904632568,4.099999904632568,4.099999904632568,4.099999904632568,100,0.0,0.0
2023-10-10 00:00:00-04:00,4.099999904632568,4.099999904632568,4.099999904632568,4.099999904632568,0,0.0,0.0
2023-10-11 00:00:00-04:00,4.0980000495910645,4.35099983215332,4.0980000495910645,4.35099983215332,700,0.0,0.0
2023-10-12 00:00:00-04:00,4.35099983215332,4.35099983215332,4.35099983215332,4.35099983215332,0,0.0,0.0
2023-10-13 00:00:00-04:00,4.35099983215332,4.35099983215332,4.35099983215332,4.35099983215332,100,0.0,0.0
2023-10-16 00:00:00-04:00,4.070000171661377,4.070000171661377,3.6500000953674316,3.940000057220459,1800,0.0,0.0
2023-10-17 00:00:00-04:00,3.940000057220459,3.940000057220459,3.940000057220459,3.940000057220459,300,0.0,0.0
2023-10-18 00:00:00-04:00,3.940000057220459,4.019999980926514,3.7899999618530273,4.010000228881836,1700,0.0,0.0
2023-10-19 00:00:00-04:00,3.930000066757202,4.0,3.9049999713897705,3.9049999713897705,18800,0.0,0.0
2023-10-20 00:00:00-04:00,3.9600000381469727,4.050000190734863,3.950000047683716,3.950000047683716,2000,0.0,0.0
2023-10-23 00:00:00-04:00,3.880000114440918,4.019999980926514,3.880000114440918,4.019000053405762,1200,0.0,0.0
2023-10-24 00:00:00-04:00,4.019000053405762,4.019000053405762,4.019000053405762,4.019000053405762,0,0.0,0.0
2023-10-25 00:00:00-04:00,3.9600000381469727,3.9600000381469727,3.609999895095825,3.609999895095825,700,0.0,0.0
2023-10-26 00:00:00-04:00,3.630000114440918,3.802000045776367,3.630000114440918,3.802000045776367,600,0.0,0.0
2023-10-27 00:00:00-04:00,3.740000009536743,3.740000009536743,3.740000009536743,3.740000009536743,200,0.0,0.0
2023-10-30 00:00:00-04:00,3.5999999046325684,3.5999999046325684,3.5299999713897705,3.5299999713897705,1800,0.0,0.0
2023-10-31 00:00:00-04:00,3.5299999713897705,3.5299999713897705,3.5299999713897705,3.5299999713897705,0,0.0,0.0
2023-11-01 00:00:00-04:00,3.680000066757202,3.680000066757202,3.6500000953674316,3.6500000953674316,1800,0.0,0.0
2023-11-02 00:00:00-04:00,3.990000009536743,4.199999809265137,3.759999990463257,4.179999828338623,23700,0.0,0.0
2023-11-03 00:00:00-04:00,4.210000038146973,4.619999885559082,3.859999895095825,4.619999885559082,7800,0.0,0.0
2023-11-06 00:00:00-05:00,4.619999885559082,4.619999885559082,4.619999885559082,4.619999885559082,300,0.0,0.0
2023-11-07 00:00:00-05:00,4.570000171661377,4.570000171661377,4.199999809265137,4.269999980926514,6800,0.0,0.0
2023-11-08 00:00:00-05:00,4.639999866485596,4.639999866485596,4.420000076293945,4.420000076293945,700,0.0,0.0
2023-11-09 00:00:00-05:00,4.460000038146973,4.460000038146973,4.409999847412109,4.409999847412109,900,0.0,0.0
2023-11-10 00:00:00-05:00,4.380000114440918,4.460000038146973,4.1479997634887695,4.1479997634887695,1300,0.0,0.0
2023-11-13 00:00:00-05:00,4.36299991607666,4.519999980926514,4.36299991607666,4.400000095367432,1100,0.0,0.0
2023-11-14 00:00:00-05:00,4.400000095367432,4.400000095367432,4.400000095367432,4.400000095367432,0,0.0,0.0
2023-11-15 00:00:00-05:00,4.420000076293945,4.559999942779541,4.400000095367432,4.420000076293945,2100,0.0,0.0
2023-11-16 00:00:00-05:00,4.53000020980835,4.550000190734863,4.53000020980835,4.550000190734863,2200,0.0,0.0
2023-11-17 00:00:00-05:00,4.230000019073486,4.440000057220459,4.130000114440918,4.340000152587891,7900,0.0,0.0
2023-11-20 00:00:00-05:00,4.340000152587891,4.340000152587891,4.340000152587891,4.340000152587891,0,0.0,0.0
2023-11-21 00:00:00-05:00,4.340000152587891,4.340000152587891,4.340000152587891,4.340000152587891,0,0.0,0.0
2023-11-22 00:00:00-05:00,4.340000152587891,4.340000152587891,4.340000152587891,4.340000152587891,0,0.0,0.0
2023-11-24 00:00:00-05:00,4.119999885559082,4.179999828338623,4.119999885559082,4.179999828338623,1300,0.0,0.0
2023-11-27 00:00:00-05:00,4.388000011444092,4.400000095367432,4.289999961853027,4.400000095367432,1400,0.0,0.0
2023-11-28 00:00:00-05:00,4.400000095367432,4.400000095367432,4.320000171661377,4.360000133514404,1600,0.0,0.0
2023-11-29 00:00:00-05:00,4.360000133514404,4.360000133514404,4.360000133514404,4.360000133514404,0,0.0,0.0
2023-11-30 00:00:00-05:00,4.539999961853027,4.539999961853027,4.138000011444092,4.199999809265137,900,0.0,0.0
2023-12-01 00:00:00-05:00,4.263999938964844,4.263999938964844,4.239999771118164,4.239999771118164,700,0.0,0.0
2023-12-04 00:00:00-05:00,4.260000228881836,4.260000228881836,4.260000228881836,4.260000228881836,500,0.0,0.0
2023-12-05 00:00:00-05:00,4.447000026702881,4.550000190734863,4.349999904632568,4.349999904632568,6400,0.0,0.0
2023-12-06 00:00:00-05:00,4.420000076293945,4.610000133514404,4.420000076293945,4.480000019073486,4200,0.0,0.0
2023-12-07 00:00:00-05:00,4.335000038146973,4.610000133514404,4.150000095367432,4.480000019073486,6300,0.0,0.0
2023-12-08 00:00:00-05:00,4.320000171661377,4.320000171661377,4.260000228881836,4.293000221252441,600,0.0,0.0
2023-12-11 00:00:00-05:00,4.179999828338623,4.179999828338623,3.9000000953674316,3.9700000286102295,12600,0.0,0.0
2023-12-12 00:00:00-05:00,4.21999979019165,4.269999980926514,3.9700000286102295,4.010000228881836,9900,0.0,0.0
2023-12-13 00:00:00-05:00,3.9800000190734863,3.990000009536743,3.881999969482422,3.881999969482422,1400,0.0,0.0
2023-12-14 00:00:00-05:00,4.039999961853027,4.354000091552734,3.880000114440918,4.170000076293945,3200,0.0,0.0
2023-12-15 00:00:00-05:00,3.9800000190734863,4.380000114440918,3.9800000190734863,4.380000114440918,500,0.0,0.0
2023-12-18 00:00:00-05:00,4.400000095367432,4.400000095367432,4.348999977111816,4.348999977111816,700,0.0,0.0
2023-12-19 00:00:00-05:00,4.255000114440918,4.316999912261963,4.255000114440918,4.316999912261963,700,0.0,0.0
2023-12-20 00:00:00-05:00,4.316999912261963,4.316999912261963,4.316999912261963,4.316999912261963,0,0.0,0.0
2023-12-21 00:00:00-05:00,4.434000015258789,4.480000019073486,4.434000015258789,4.480000019073486,500,0.0,0.0
2023-12-22 00:00:00-05:00,4.445000171661377,4.570000171661377,4.445000171661377,4.570000171661377,5200,0.0,0.0
2023-12-26 00:00:00-05:00,4.389999866485596,4.429999828338623,4.329999923706055,4.329999923706055,4700,0.0,0.0
2023-12-27 00:00:00-05:00,4.329999923706055,4.329999923706055,4.329999923706055,4.329999923706055,300,0.0,0.0
2023-12-28 00:00:00-05:00,4.370999813079834,4.370999813079834,4.300000190734863,4.369999885559082,1200,0.0,0.0
2023-12-29 00:00:00-05:00,4.258999824523926,4.258999824523926,3.859999895095825,4.179999828338623,3100,0.0,0.0
2024-01-02 00:00:00-05:00,3.7200000286102295,4.199999809265137,3.7200000286102295,4.170000076293945,1300,0.0,0.0
2024-01-03 00:00:00-05:00,4.434999942779541,5.079999923706055,4.380000114440918,5.0,39500,0.0,0.0
2024-01-04 00:00:00-05:00,4.679999828338623,4.679999828338623,4.21999979019165,4.230000019073486,524600,0.0,0.0
2024-01-05 00:00:00-05:00,4.320000171661377,4.429999828338623,4.199999809265137,4.249000072479248,32900,0.0,0.0
2024-01-08 00:00:00-05:00,4.550000190734863,4.760000228881836,4.429999828338623,4.75,46100,0.0,0.0
2024-01-09 00:00:00-05:00,4.659999847412109,4.659999847412109,4.369999885559082,4.429999828338623,21800,0.0,0.0
2024-01-10 00:00:00-05:00,4.699999809265137,4.739999771118164,4.519999980926514,4.670000076293945,22200,0.0,0.0
2024-01-11 00:00:00-05:00,4.710999965667725,4.809999942779541,4.619999885559082,4.769999980926514,24400,0.0,0.0
2024-01-12 00:00:00-05:00,4.559999942779541,4.789999961853027,4.559999942779541,4.769999980926514,10400,0.0,0.0
2024-01-16 00:00:00-05:00,4.519999980926514,4.769999980926514,4.5,4.769999980926514,7300,0.0,0.0
2024-01-17 00:00:00-05:00,4.519999980926514,4.769000053405762,4.383999824523926,4.610000133514404,17900,0.0,0.0
2024-01-18 00:00:00-05:00,4.46999979019165,4.690000057220459,4.46999979019165,4.690000057220459,3200,0.0,0.0
2024-01-19 00:00:00-05:00,4.563000202178955,4.563000202178955,4.559999942779541,4.559999942779541,900,0.0,0.0
2024-01-22 00:00:00-05:00,4.4019999504089355,4.599999904632568,4.4019999504089355,4.599999904632568,1700,0.0,0.0
2024-01-23 00:00:00-05:00,4.679999828338623,4.679999828338623,4.570000171661377,4.599999904632568,1800,0.0,0.0
2024-01-24 00:00:00-05:00,4.599999904632568,4.75,4.590000152587891,4.75,1500,0.0,0.0
2024-01-25 00:00:00-05:00,4.670000076293945,4.670000076293945,4.619999885559082,4.619999885559082,600,0.0,0.0
2024-01-26 00:00:00-05:00,4.480000019073486,4.659999847412109,4.480000019073486,4.659999847412109,2000,0.0,0.0
2024-01-29 00:00:00-05:00,4.593999862670898,4.659999847412109,4.593999862670898,4.659999847412109,1600,0.0,0.0
2024-01-30 00:00:00-05:00,4.639999866485596,4.659999847412109,4.639999866485596,4.650000095367432,2200,0.0,0.0
2024-01-31 00:00:00-05:00,4.670000076293945,4.789999961853027,4.670000076293945,4.78000020980835,3600,0.0,0.0
2024-02-01 00:00:00-05:00,4.78000020980835,4.880000114440918,4.639999866485596,4.829999923706055,3700,0.0,0.0
2024-02-02 00:00:00-05:00,4.829999923706055,4.829999923706055,4.829999923706055,4.829999923706055,0,0.0,0.0
2024-02-05 00:00:00-05:00,4.7769999504089355,4.7769999504089355,4.625,4.625,300,0.0,0.0
2024-02-06 00:00:00-05:00,4.5,4.940999984741211,4.5,4.690000057220459,7600,0.0,0.0
2024-02-07 00:00:00-05:00,4.690000057220459,4.690000057220459,4.690000057220459,4.690000057220459,0,0.0,0.0
2024-02-08 00:00:00-05:00,4.630000114440918,4.630000114440918,4.574999809265137,4.574999809265137,600,0.0,0.0
2024-02-09 00:00:00-05:00,4.489999771118164,4.599999904632568,4.369999885559082,4.599999904632568,1000,0.0,0.0
2024-02-12 00:00:00-05:00,4.5279998779296875,4.550000190734863,4.409999847412109,4.505000114440918,1900,0.0,0.0
2024-02-13 00:00:00-05:00,4.485000133514404,4.485000133514404,4.485000133514404,4.485000133514404,400,0.0,0.0
2024-02-14 00:00:00-05:00,4.376999855041504,4.413000106811523,4.376999855041504,4.413000106811523,600,0.0,0.0
2024-02-15 00:00:00-05:00,4.409999847412109,4.65500020980835,4.409999847412109,4.65500020980835,2500,0.0,0.0
2024-02-16 00:00:00-05:00,4.65500020980835,4.65500020980835,4.65500020980835,4.65500020980835,0,0.0,0.0
2024-02-20 00:00:00-05:00,4.510000228881836,4.510000228881836,4.434999942779541,4.449999809265137,1500,0.0,0.0
2024-02-21 00:00:00-05:00,4.449999809265137,4.449999809265137,4.440000057220459,4.440000057220459,600,0.0,0.0
2024-02-22 00:00:00-05:00,4.480000019073486,4.480000019073486,4.329999923706055,4.400000095367432,2300,0.0,0.0
2024-02-23 00:00:00-05:00,4.489999771118164,4.539999961853027,4.010000228881836,4.010000228881836,11400,0.0,0.0
2024-02-26 00:00:00-05:00,4.159999847412109,4.630000114440918,4.159999847412109,4.630000114440918,4500,0.0,0.0
2024-02-27 00:00:00-05:00,4.619999885559082,4.619999885559082,4.329999923706055,4.519999980926514,3800,0.0,0.0
2024-02-28 00:00:00-05:00,4.659999847412109,4.659999847412109,4.289999961853027,4.300000190734863,3800,0.0,0.0
2024-02-29 00:00:00-05:00,4.300000190734863,4.300000190734863,4.300000190734863,4.300000190734863,0,0.0,0.0
2024-03-01 00:00:00-05:00,4.440000057220459,4.440000057220459,3.931999921798706,4.159999847412109,3200,0.0,0.0
2024-03-04 00:00:00-05:00,4.260000228881836,4.269999980926514,4.139999866485596,4.164999961853027,2300,0.0,0.0
2024-03-05 00:00:00-05:00,4.034999847412109,4.081999778747559,4.034999847412109,4.081999778747559,900,0.0,0.0
2024-03-06 00:00:00-05:00,4.195000171661377,4.210000038146973,4.195000171661377,4.199999809265137,1500,0.0,0.0
2024-03-07 00:00:00-05:00,4.170000076293945,4.239999771118164,4.170000076293945,4.239999771118164,700,0.0,0.0
2024-03-08 00:00:00-05:00,4.03000020980835,4.170000076293945,4.03000020980835,4.170000076293945,1500,0.0,0.0
2024-03-11 00:00:00-04:00,4.114999771118164,4.114999771118164,4.114999771118164,4.114999771118164,300,0.0,0.0
2024-03-12 00:00:00-04:00,4.019999980926514,4.019999980926514,3.990000009536743,3.994999885559082,1300,0.0,0.0
2024-03-13 00:00:00-04:00,3.6700000762939453,3.930000066757202,3.3499999046325684,3.7300000190734863,8200,0.0,0.0
2024-03-14 00:00:00-04:00,3.950000047683716,4.0,3.805000066757202,3.865000009536743,1300,0.0,0.0
2024-03-15 00:00:00-04:00,3.990999937057495,3.990999937057495,3.9600000381469727,3.9600000381469727,2700,0.0,0.0
2024-03-18 00:00:00-04:00,4.0,4.360000133514404,3.9100000858306885,4.184999942779541,3500,0.0,0.0
2024-03-19 00:00:00-04:00,3.8889999389648438,4.019999980926514,3.869999885559082,3.869999885559082,500,0.0,0.0
2024-03-20 00:00:00-04:00,3.880000114440918,3.880000114440918,3.880000114440918,3.880000114440918,600,0.0,0.0
2024-03-21 00:00:00-04:00,3.880000114440918,3.880000114440918,3.880000114440918,3.880000114440918,0,0.0,0.0
2024-03-22 00:00:00-04:00,4.065000057220459,4.065000057220459,4.065000057220459,4.065000057220459,200,0.0,0.0
2024-03-25 00:00:00-04:00,4.179999828338623,4.190000057220459,4.130000114440918,4.179999828338623,900,0.0,0.0
2024-03-26 00:00:00-04:00,3.9649999141693115,4.239999771118164,3.9649999141693115,4.239999771118164,1500,0.0,0.0
2024-03-27 00:00:00-04:00,4.079999923706055,4.199999809265137,4.039999961853027,4.199999809265137,2200,0.0,0.0
2024-03-28 00:00:00-04:00,4.199999809265137,4.199999809265137,4.199999809265137,4.199999809265137,0,0.0,0.0
2024-04-01 00:00:00-04:00,4.199999809265137,4.199999809265137,4.199999809265137,4.199999809265137,300,0.0,0.0
2024-04-02 00:00:00-04:00,3.9000000953674316,3.9000000953674316,3.9000000953674316,3.9000000953674316,1100,0.0,0.0
2024-04-03 00:00:00-04:00,3.819999933242798,4.047999858856201,3.7809998989105225,4.047999858856201,3300,0.0,0.0
2024-04-04 00:00:00-04:00,3.950000047683716,3.9730000495910645,3.9000000953674316,3.9100000858306885,15400,0.0,0.0
2024-04-05 00:00:00-04:00,4.119999885559082,4.150000095367432,3.950000047683716,3.950000047683716,7800,0.0,0.0
2024-04-08 00:00:00-04:00,3.885999917984009,3.9700000286102295,3.885999917984009,3.9600000381469727,7600,0.0,0.0
2024-04-09 00:00:00-04:00,3.9600000381469727,3.9600000381469727,3.9600000381469727,3.9600000381469727,0,0.0,0.0
2024-04-10 00:00:00-04:00,3.859999895095825,4.181000232696533,3.8499999046325684,4.059999942779541,2900,0.0,0.0
2024-04-11 00:00:00-04:00,3.9800000190734863,4.050000190734863,3.8499999046325684,3.859999895095825,25500,0.0,0.0
2024-04-12 00:00:00-04:00,3.8350000381469727,4.900000095367432,3.609999895095825,3.950000047683716,13500,0.0,0.0
2024-04-15 00:00:00-04:00,3.950000047683716,3.950000047683716,3.950000047683716,3.950000047683716,6600,0.0,0.0
2024-04-16 00:00:00-04:00,3.930000066757202,3.940000057220459,3.7799999713897705,3.9100000858306885,3200,0.0,0.0
2024-04-17 00:00:00-04:00,3.9100000858306885,3.9100000858306885,3.9100000858306885,3.9100000858306885,300,0.0,0.0
2024-04-18 00:00:00-04:00,3.740000009536743,3.740000009536743,3.740000009536743,3.740000009536743,300,0.0,0.0
2024-04-19 00:00:00-04:00,3.6700000762939453,3.7750000953674316,3.319999933242798,3.319999933242798,6200,0.0,0.0
2024-04-22 00:00:00-04:00,3.7209999561309814,3.890000104904175,3.7209999561309814,3.880000114440918,3500,0.0,0.0
2024-04-23 00:00:00-04:00,3.880000114440918,3.880000114440918,3.880000114440918,3.880000114440918,500,0.0,0.0
2024-04-24 00:00:00-04:00,3.880000114440918,3.880000114440918,3.880000114440918,3.880000114440918,0,0.0,0.0
2024-04-25 00:00:00-04:00,3.880000114440918,3.880000114440918,3.880000114440918,3.880000114440918,2100,0.0,0.0
2024-04-26 00:00:00-04:00,3.880000114440918,3.880000114440918,3.880000114440918,3.880000114440918,300,0.0,0.0
2024-04-29 00:00:00-04:00,3.5999999046325684,3.9600000381469727,3.5999999046325684,3.700000047683716,2600,0.0,0.0
2024-04-30 00:00:00-04:00,3.9700000286102295,3.9700000286102295,3.7799999713897705,3.7809998989105225,4700,0.0,0.0
2024-05-01 00:00:00-04:00,3.765000104904175,4.271999835968018,3.5999999046325684,3.869999885559082,4900,0.0,0.0
2024-05-02 00:00:00-04:00,3.880000114440918,4.025000095367432,3.765000104904175,3.765000104904175,16900,0.0,0.0
2024-05-03 00:00:00-04:00,3.9600000381469727,4.199999809265137,3.9200000762939453,3.9800000190734863,2000,0.0,0.0
2024-05-06 00:00:00-04:00,3.8299999237060547,4.210000038146973,3.609999895095825,3.609999895095825,4400,0.0,0.0
2024-05-07 00:00:00-04:00,3.8299999237060547,3.9200000762939453,3.575000047683716,3.6500000953674316,7700,0.0,0.0
2024-05-08 00:00:00-04:00,3.6700000762939453,3.759999990463257,3.6700000762939453,3.759999990463257,600,0.0,0.0
2024-05-09 00:00:00-04:00,3.950000047683716,4.489999771118164,3.7009999752044678,3.7009999752044678,3100,0.0,0.0
2024-05-10 00:00:00-04:00,3.700000047683716,4.070000171661377,3.700000047683716,3.799999952316284,700,0.0,0.0
2024-05-13 00:00:00-04:00,3.799999952316284,3.799999952316284,3.799999952316284,3.799999952316284,0,0.0,0.0
2024-05-14 00:00:00-04:00,3.680000066757202,3.680000066757202,3.5480000972747803,3.5480000972747803,1500,0.0,0.0
2024-05-15 00:00:00-04:00,3.631999969482422,3.7100000381469727,3.5299999713897705,3.7100000381469727,1700,0.0,0.0
2024-05-16 00:00:00-04:00,3.869999885559082,3.869999885559082,3.869999885559082,3.869999885559082,100,0.0,0.0
2024-05-17 00:00:00-04:00,3.799999952316284,3.799999952316284,3.75,3.7799999713897705,500,0.0,0.0
2024-05-20 00:00:00-04:00,3.799999952316284,3.799999952316284,3.6700000762939453,3.7300000190734863,5400,0.0,0.0
2024-05-21 00:00:00-04:00,3.5799999237060547,3.5799999237060547,3.5799999237060547,3.5799999237060547,1000,0.0,0.0
2024-05-22 00:00:00-04:00,3.630000114440918,3.799999952316284,3.630000114440918,3.799999952316284,200,0.0,0.0
2024-05-23 00:00:00-04:00,3.740000009536743,3.990000009536743,3.700000047683716,3.809999942779541,18900,0.0,0.0
2024-05-24 00:00:00-04:00,3.799999952316284,3.799999952316284,3.799999952316284,3.799999952316284,300,0.0,0.0
2024-05-28 00:00:00-04:00,3.799999952316284,3.799999952316284,3.799999952316284,3.799999952316284,100,0.0,0.0
2024-05-29 00:00:00-04:00,3.8380000591278076,4.230000019073486,3.8380000591278076,4.230000019073486,600,0.0,0.0
2024-05-30 00:00:00-04:00,3.740000009536743,4.070000171661377,3.740000009536743,4.070000171661377,1000,0.0,0.0
2024-05-31 00:00:00-04:00,3.5999999046325684,3.5999999046325684,3.5999999046325684,3.5999999046325684,300,0.0,0.0
2024-06-03 00:00:00-04:00,4.210000038146973,4.210000038146973,3.619999885559082,3.619999885559082,148300,0.0,0.0
2024-06-04 00:00:00-04:00,4.010000228881836,4.010000228881836,3.7899999618530273,3.884999990463257,36000,0.0,0.0
2024-06-05 00:00:00-04:00,4.139999866485596,4.179999828338623,4.0,4.179999828338623,3400,0.0,0.0
2024-06-06 00:00:00-04:00,4.179999828338623,4.28000020980835,4.025000095367432,4.28000020980835,4600,0.0,0.0
2024-06-07 00:00:00-04:00,4.159999847412109,4.170000076293945,4.070000171661377,4.070000171661377,2700,0.0,0.0
2024-06-10 00:00:00-04:00,4.400000095367432,4.400000095367432,4.400000095367432,4.400000095367432,300,0.0,0.0
2024-06-11 00:00:00-04:00,4.920000076293945,4.989999771118164,4.784999847412109,4.989999771118164,29900,0.0,0.0
2024-06-12 00:00:00-04:00,5.880000114440918,6.110000133514404,5.800000190734863,5.800000190734863,38000,0.0,0.0
2024-06-13 00:00:00-04:00,6.099999904632568,6.144999980926514,5.539999961853027,5.949999809265137,398500,0.0,0.0
2024-06-14 00:00:00-04:00,6.800000190734863,6.869999885559082,6.349999904632568,6.769999980926514,129700,0.0,0.0
2024-06-17 00:00:00-04:00,7.300000190734863,7.360000133514404,7.050000190734863,7.289999961853027,48400,0.0,0.0
2024-06-18 00:00:00-04:00,7.5,8.140000343322754,7.489999771118164,7.960000038146973,36300,0.0,0.0
2024-06-20 00:00:00-04:00,10.079999923706055,12.699999809265137,9.300000190734863,11.010000228881836,383700,0.0,0.0
2024-06-21 00:00:00-04:00,9.920000076293945,10.199999809265137,9.300000190734863,9.600000381469727,86500,0.0,0.0
2024-06-24 00:00:00-04:00,8.029999732971191,8.029999732971191,7.139999866485596,7.190000057220459,63400,0.0,0.0
2024-06-25 00:00:00-04:00,7.340000152587891,7.659999847412109,7.239999771118164,7.260000228881836,19000,0.0,0.0
2024-06-26 00:00:00-04:00,7.170000076293945,7.438000202178955,6.920000076293945,7.315000057220459,19300,0.0,0.0
2024-06-27 00:00:00-04:00,7.260000228881836,7.400000095367432,6.78000020980835,7.052000045776367,13400,0.0,0.0
2024-06-28 00:00:00-04:00,7.090000152587891,7.308000087738037,7.090000152587891,7.230000019073486,4500,0.0,0.0
2024-07-01 00:00:00-04:00,7.355000019073486,7.630000114440918,6.8480000495910645,7.349999904632568,9100,0.0,0.0
2024-07-02 00:00:00-04:00,6.800000190734863,7.550000190734863,6.795000076293945,7.0,40100,0.0,0.0
2024-07-03 00:00:00-04:00,6.579999923706055,6.989999771118164,6.460000038146973,6.619999885559082,6800,0.0,0.0
2024-07-05 00:00:00-04:00,6.429999828338623,7.179999828338623,6.429999828338623,6.53000020980835,18500,0.0,0.0
2024-07-08 00:00:00-04:00,6.559999942779541,6.849999904632568,6.400000095367432,6.489999771118164,28600,0.0,0.0
2024-07-09 00:00:00-04:00,6.610000133514404,6.739999771118164,6.460000038146973,6.550000190734863,9300,0.0,0.0
2024-07-10 00:00:00-04:00,6.800000190734863,6.809999942779541,6.765999794006348,6.765999794006348,1000,0.0,0.0
2024-07-11 00:00:00-04:00,6.860000133514404,6.860000133514404,6.659999847412109,6.699999809265137,3400,0.0,0.0
2024-07-12 00:00:00-04:00,6.690000057220459,6.804999828338623,6.019999980926514,6.179999828338623,26000,0.0,0.0
2024-07-15 00:00:00-04:00,6.550000190734863,6.550000190734863,6.130000114440918,6.210000038146973,9200,0.0,0.0
2024-07-16 00:00:00-04:00,6.590000152587891,6.590000152587891,6.159999847412109,6.349999904632568,6400,0.0,0.0
2024-07-17 00:00:00-04:00,6.619999885559082,6.619999885559082,6.519999980926514,6.519999980926514,1300,0.0,0.0
2024-07-18 00:00:00-04:00,6.559999942779541,6.580999851226807,6.559999942779541,6.580999851226807,500,0.0,0.0
2024-07-19 00:00:00-04:00,6.580999851226807,6.580999851226807,6.580999851226807,6.580999851226807,0,0.0,0.0
2024-07-22 00:00:00-04:00,6.440000057220459,6.670000076293945,6.1620001792907715,6.449999809265137,2100,0.0,0.0
2024-07-23 00:00:00-04:00,6.369999885559082,6.869999885559082,5.699999809265137,6.400000095367432,30400,0.0,0.0
2024-07-24 00:00:00-04:00,6.447999954223633,6.447999954223633,6.309999942779541,6.309999942779541,3300,0.0,0.0
2024-07-25 00:00:00-04:00,6.159999847412109,6.53000020980835,5.75,5.900000095367432,42600,0.0,0.0
2024-07-26 00:00:00-04:00,6.440000057220459,6.710000038146973,5.804999828338623,6.35099983215332,25100,0.0,0.0
2024-07-29 00:00:00-04:00,6.360000133514404,6.840000152587891,6.039999961853027,6.71999979019165,9900,0.0,0.0
2024-07-30 00:00:00-04:00,6.480000019073486,6.5,6.119999885559082,6.375,13300,0.0,0.0
2024-07-31 00:00:00-04:00,6.610000133514404,12.220000267028809,6.5,8.579999923706055,445400,0.0,0.0
2024-08-01 00:00:00-04:00,8.210000038146973,9.789999961853027,7.7779998779296875,8.0,68100,0.0,0.0
2024-08-02 00:00:00-04:00,8.109999656677246,8.109999656677246,6.510000228881836,6.815000057220459,81900,0.0,0.0
2024-08-05 00:00:00-04:00,6.300000190734863,6.400000095367432,5.75,6.010000228881836,5200,0.0,0.0
2024-08-06 00:00:00-04:00,5.929999828338623,6.449999809265137,5.929999828338623,6.170000076293945,2000,0.0,0.0
2024-08-07 00:00:00-04:00,6.300000190734863,6.409999847412109,6.050000190734863,6.050000190734863,8500,0.0,0.0
2024-08-08 00:00:00-04:00,6.190000057220459,6.400000095367432,5.840000152587891,6.400000095367432,6100,0.0,0.0
2024-08-09 00:00:00-04:00,6.170000076293945,6.25,5.860000133514404,6.045000076293945,7600,0.0,0.0
2024-08-12 00:00:00-04:00,6.061999797821045,6.150000095367432,6.059999942779541,6.150000095367432,4100,0.0,0.0
2024-08-13 00:00:00-04:00,6.260000228881836,6.5,5.940000057220459,6.380000114440918,6800,0.0,0.0
2024-08-14 00:00:00-04:00,6.409999847412109,6.480000019073486,6.158999919891357,6.380000114440918,2200,0.0,0.0
2024-08-15 00:00:00-04:00,6.353000164031982,6.369999885559082,6.166999816894531,6.327000141143799,1900,0.0,0.0
2024-08-16 00:00:00-04:00,6.188000202178955,6.440000057220459,6.188000202178955,6.429999828338623,1700,0.0,0.0
2024-08-19 00:00:00-04:00,6.214000225067139,6.5,6.0,6.5,4500,0.0,0.0
2024-08-20 00:00:00-04:00,6.375,6.375,6.375,6.375,900,0.0,0.0
2024-08-21 00:00:00-04:00,6.400000095367432,6.400000095367432,6.324999809265137,6.324999809265137,2000,0.0,0.0
2024-08-22 00:00:00-04:00,6.52400016784668,6.860000133514404,6.52400016784668,6.699999809265137,1500,0.0,0.0
2024-08-23 00:00:00-04:00,6.590000152587891,7.409999847412109,6.099999904632568,6.230000019073486,12700,0.0,0.0
2024-08-26 00:00:00-04:00,5.980000019073486,6.190000057220459,5.980000019073486,6.190000057220459,4200,0.0,0.0
2024-08-27 00:00:00-04:00,6.349999904632568,6.920000076293945,6.349999904632568,6.920000076293945,5700,0.0,0.0
2024-08-28 00:00:00-04:00,6.5,6.5,6.130000114440918,6.329999923706055,3700,0.0,0.0
2024-08-29 00:00:00-04:00,6.010000228881836,6.480000019073486,6.010000228881836,6.480000019073486,1600,0.0,0.0
2024-08-30 00:00:00-04:00,6.289999961853027,6.289999961853027,5.559999942779541,5.679999828338623,10400,0.0,0.0
2024-09-03 00:00:00-04:00,5.679999828338623,5.739999771118164,5.639999866485596,5.639999866485596,5000,0.0,0.0
2024-09-04 00:00:00-04:00,5.650000095367432,5.9120001792907715,5.650000095367432,5.9120001792907715,2800,0.0,0.0
2024-09-05 00:00:00-04:00,5.849999904632568,5.849999904632568,5.784999847412109,5.784999847412109,800,0.0,0.0
2024-09-06 00:00:00-04:00,6.340000152587891,6.96999979019165,5.265999794006348,5.510000228881836,10300,0.0,0.0
2024-09-09 00:00:00-04:00,5.71999979019165,5.71999979019165,5.199999809265137,5.625,5300,0.0,0.0
2024-09-10 00:00:00-04:00,5.335000038146973,6.170000076293945,5.28000020980835,5.610000133514404,18900,0.0,0.0
2024-09-11 00:00:00-04:00,5.409999847412109,5.550000190734863,5.21999979019165,5.5,8500,0.0,0.0
2024-09-12 00:00:00-04:00,5.510000228881836,5.53000020980835,5.510000228881836,5.53000020980835,900,0.0,0.0
2024-09-13 00:00:00-04:00,5.269999980926514,5.331999778747559,5.110000133514404,5.21999979019165,5400,0.0,0.0
2024-09-16 00:00:00-04:00,5.300000190734863,5.300000190734863,5.210000038146973,5.210000038146973,900,0.0,0.0
2024-09-17 00:00:00-04:00,5.199999809265137,5.199999809265137,5.079999923706055,5.079999923706055,1800,0.0,0.0
2024-09-18 00:00:00-04:00,5.03000020980835,5.03000020980835,4.576000213623047,4.840000152587891,1500,0.0,0.0
2024-09-19 00:00:00-04:00,4.460000038146973,4.670000076293945,4.460000038146973,4.670000076293945,2300,0.0,0.0
2024-09-20 00:00:00-04:00,4.670000076293945,4.670000076293945,4.670000076293945,4.670000076293945,0,0.0,0.0
2024-09-23 00:00:00-04:00,4.599999904632568,4.747000217437744,4.440000057220459,4.730000019073486,6400,0.0,0.0
2024-09-24 00:00:00-04:00,4.71999979019165,5.014999866485596,4.71999979019165,5.014999866485596,2000,0.0,0.0
2024-09-25 00:00:00-04:00,4.96999979019165,4.96999979019165,4.619999885559082,4.619999885559082,4700,0.0,0.0
2024-09-26 00:00:00-04:00,4.860000133514404,5.300000190734863,4.639999866485596,4.690000057220459,8900,0.0,0.0
2024-09-27 00:00:00-04:00,5.159999847412109,5.369999885559082,4.739999771118164,5.070000171661377,13400,0.0,0.0
2024-09-30 00:00:00-04:00,4.75600004196167,5.135000228881836,4.75600004196167,5.086999893188477,11100,0.0,0.0
2024-10-01 00:00:00-04:00,4.75,5.0,4.690000057220459,4.789999961853027,6300,0.0,0.0
2024-10-02 00:00:00-04:00,4.603000164031982,4.769999980926514,4.369999885559082,4.630000114440918,12000,0.0,0.0
2024-10-03 00:00:00-04:00,4.550000190734863,4.75,4.525000095367432,4.579999923706055,10100,0.0,0.0
2024-10-04 00:00:00-04:00,4.599999904632568,5.019999980926514,4.599999904632568,5.019999980926514,700,0.0,0.0
2024-10-07 00:00:00-04:00,4.860000133514404,5.320000171661377,4.400000095367432,4.760000228881836,47700,0.0,0.0
2024-10-08 00:00:00-04:00,4.824999809265137,5.349999904632568,4.75,4.906000137329102,2300,0.0,0.0
2024-10-09 00:00:00-04:00,4.906000137329102,4.906000137329102,4.906000137329102,4.906000137329102,6400,0.0,0.0
2024-10-10 00:00:00-04:00,5.090000152587891,5.349999904632568,4.730000019073486,4.75,8200,0.0,0.0
2024-10-11 00:00:00-04:00,4.75,4.75,4.75,4.75,0,0.0,0.0
2024-10-14 00:00:00-04:00,4.829999923706055,4.96999979019165,4.75,4.75,2600,0.0,0.0
2024-10-15 00:00:00-04:00,4.829999923706055,4.949999809265137,4.710000038146973,4.949999809265137,21100,0.0,0.0
2024-10-16 00:00:00-04:00,4.75,4.979000091552734,4.699999809265137,4.949999809265137,6400,0.0,0.0
2024-10-17 00:00:00-04:00,4.909999847412109,4.989999771118164,4.909999847412109,4.980000019073486,2400,0.0,0.0
2024-10-18 00:00:00-04:00,5.150000095367432,5.34499979019165,4.869999885559082,4.869999885559082,17400,0.0,0.0
2024-10-21 00:00:00-04:00,6.079999923706055,7.25,5.869999885559082,6.78000020980835,399700,0.0,0.0
2024-10-22 00:00:00-04:00,7.300000190734863,7.599999904632568,6.230000019073486,6.570000171661377,109900,0.0,0.0
2024-10-23 00:00:00-04:00,6.190000057220459,6.263999938964844,5.590000152587891,5.669000148773193,18000,0.0,0.0
2024-10-24 00:00:00-04:00,6.239999771118164,6.239999771118164,5.75,6.019999980926514,6300,0.0,0.0
2024-10-25 00:00:00-04:00,6.53000020980835,6.900000095367432,6.400000095367432,6.489999771118164,42300,0.0,0.0
2024-10-28 00:00:00-04:00,6.570000171661377,6.570000171661377,6.050000190734863,6.460000038146973,38800,0.0,0.0
2024-10-29 00:00:00-04:00,6.630000114440918,6.630000114440918,6.110000133514404,6.199999809265137,19500,0.0,0.0
2024-10-30 00:00:00-04:00,6.170000076293945,6.25,6.079999923706055,6.150000095367432,6600,0.0,0.0
2024-10-31 00:00:00-04:00,6.004000186920166,6.004000186920166,5.300000190734863,5.360000133514404,21400,0.0,0.0
2024-11-01 00:00:00-04:00,6.210000038146973,6.239999771118164,6.010000228881836,6.119999885559082,7800,0.0,0.0
2024-11-04 00:00:00-05:00,6.130000114440918,6.184999942779541,5.820000171661377,6.056000232696533,1400,0.0,0.0
2024-11-05 00:00:00-05:00,5.760000228881836,6.038000106811523,5.670000076293945,5.75,9900,0.0,0.0
2024-11-06 00:00:00-05:00,6.053999900817871,6.239999771118164,5.7769999504089355,6.239999771118164,10500,0.0,0.0
2024-11-07 00:00:00-05:00,5.929999828338623,6.239999771118164,5.869999885559082,6.03000020980835,29400,0.0,0.0
2024-11-08 00:00:00-05:00,6.110000133514404,6.239999771118164,5.8429999351501465,6.199999809265137,8700,0.0,0.0
2024-11-11 00:00:00-05:00,6.186999797821045,6.186999797821045,5.75,5.817999839782715,10700,0.0,0.0
2024-11-12 00:00:00-05:00,5.670000076293945,5.743000030517578,5.440000057220459,5.690000057220459,3100,0.0,0.0
2024-11-13 00:00:00-05:00,5.736000061035156,5.736000061035156,5.329999923706055,5.510000228881836,34000,0.0,0.0
2024-11-14 00:00:00-05:00,5.320000171661377,5.409999847412109,5.25,5.25,16900,0.0,0.0
2024-11-15 00:00:00-05:00,5.329999923706055,5.420000076293945,5.110000133514404,5.329999923706055,18500,0.0,0.0
2024-11-18 00:00:00-05:00,5.619999885559082,5.849999904632568,5.445000171661377,5.829999923706055,10800,0.0,0.0
2024-11-19 00:00:00-05:00,5.510000228881836,6.144999980926514,5.289999961853027,5.460000038146973,18200,0.0,0.0
2024-11-20 00:00:00-05:00,5.420000076293945,5.454999923706055,5.190000057220459,5.199999809265137,29900,0.0,0.0
2024-11-21 00:00:00-05:00,5.480000019073486,5.480000019073486,5.159999847412109,5.420000076293945,11700,0.0,0.0
2024-11-22 00:00:00-05:00,5.284999847412109,5.284999847412109,5.284999847412109,5.284999847412109,800,0.0,0.0
2024-11-25 00:00:00-05:00,5.539999961853027,5.800000190734863,5.400000095367432,5.619999885559082,5900,0.0,0.0
2024-11-26 00:00:00-05:00,5.783999919891357,5.783999919891357,5.570000171661377,5.644999980926514,1900,0.0,0.0
2024-11-27 00:00:00-05:00,5.829999923706055,5.829999923706055,5.789999961853027,5.829999923706055,1800,0.0,0.0
2024-11-29 00:00:00-05:00,5.864999771118164,5.864999771118164,5.820000171661377,5.820000171661377,900,0.0,0.0
2024-12-02 00:00:00-05:00,5.800000190734863,5.949999809265137,5.340000152587891,5.400000095367432,168800,0.0,0.0
2024-12-03 00:00:00-05:00,5.5,5.704999923706055,5.49399995803833,5.513999938964844,2400,0.0,0.0
2024-12-04 00:00:00-05:00,5.880000114440918,5.880000114440918,5.78000020980835,5.829999923706055,4500,0.0,0.0
2024-12-05 00:00:00-05:00,5.989999771118164,5.989999771118164,5.559999942779541,5.809999942779541,67500,0.0,0.0
2024-12-06 00:00:00-05:00,5.75,5.809999942779541,5.690000057220459,5.71999979019165,40100,0.0,0.0
2024-12-09 00:00:00-05:00,5.790999889373779,5.790999889373779,5.610000133514404,5.610000133514404,9100,0.0,0.0
2024-12-10 00:00:00-05:00,5.7270002365112305,5.947999954223633,5.5,5.630000114440918,106700,0.0,0.0
2024-12-11 00:00:00-05:00,5.539999961853027,5.579999923706055,5.409999847412109,5.510000228881836,8500,0.0,0.0
2024-12-12 00:00:00-05:00,5.585000038146973,5.650000095367432,5.453999996185303,5.550000190734863,20400,0.0,0.0
2024-12-13 00:00:00-05:00,5.409999847412109,5.449999809265137,5.409999847412109,5.429999828338623,2600,0.0,0.0
2024-12-16 00:00:00-05:00,5.440000057220459,5.440000057220459,5.260000228881836,5.349999904632568,30100,0.0,0.0
2024-12-17 00:00:00-05:00,5.329999923706055,5.329999923706055,5.25,5.25,2300,0.0,0.0
2024-12-18 00:00:00-05:00,5.460000038146973,5.460000038146973,5.300000190734863,5.300000190734863,16000,0.0,0.0
2024-12-19 00:00:00-05:00,5.210000038146973,5.25,5.164999961853027,5.21999979019165,2600,0.0,0.0
2024-12-20 00:00:00-05:00,5.190000057220459,5.190000057220459,5.059999942779541,5.079999923706055,15000,0.0,0.0
2024-12-23 00:00:00-05:00,5.440000057220459,5.440000057220459,5.440000057220459,5.440000057220459,2100,0.0,0.0
2024-12-24 00:00:00-05:00,5.309999942779541,5.309999942779541,5.309999942779541,5.309999942779541,2500,0.0,0.0
2024-12-26 00:00:00-05:00,5.309999942779541,5.309999942779541,5.309999942779541,5.309999942779541,0,0.0,0.0
2024-12-27 00:00:00-05:00,5.300000190734863,5.300000190734863,5.28000020980835,5.300000190734863,2600,0.0,0.0
2024-12-30 00:00:00-05:00,5.130000114440918,5.13100004196167,4.760000228881836,4.989999771118164,9300,0.0,0.0
2024-12-31 00:00:00-05:00,4.840000152587891,4.98199987411499,4.748000144958496,4.748000144958496,7300,0.0,0.0
2025-01-02 00:00:00-05:00,4.989999771118164,5.199999809265137,4.849999904632568,4.869999885559082,7000,0.0,0.0
2025-01-03 00:00:00-05:00,5.079999923706055,5.114999771118164,4.869999885559082,4.869999885559082,4900,0.0,0.0
2025-01-06 00:00:00-05:00,5.090000152587891,5.130000114440918,5.0,5.054999828338623,4500,0.0,0.0
2025-01-07 00:00:00-05:00,5.25600004196167,5.460000038146973,5.25600004196167,5.460000038146973,10200,0.0,0.0
2025-01-08 00:00:00-05:00,5.230000019073486,5.5,5.230000019073486,5.489999771118164,8600,0.0,0.0
2025-01-10 00:00:00-05:00,5.099999904632568,5.460000038146973,4.984000205993652,4.984000205993652,7600,0.0,0.0
2025-01-13 00:00:00-05:00,5.5,5.5,5.139999866485596,5.394999980926514,10800,0.0,0.0
2025-01-14 00:00:00-05:00,5.491000175476074,5.5,5.360000133514404,5.360000133514404,6600,0.0,0.0
2025-01-15 00:00:00-05:00,5.489999771118164,5.909999847412109,5.489999771118164,5.78000020980835,13000,0.0,0.0
2025-01-16 00:00:00-05:00,5.440000057220459,5.809999942779541,5.440000057220459,5.809999942779541,3800,0.0,0.0
2025-01-17 00:00:00-05:00,5.449999809265137,5.554999828338623,5.400000095367432,5.554999828338623,5000,0.0,0.0
2025-01-21 00:00:00-05:00,5.25,5.300000190734863,5.25,5.300000190734863,4200,0.0,0.0
2025-01-22 00:00:00-05:00,5.329999923706055,5.329999923706055,5.328000068664551,5.328000068664551,1700,0.0,0.0
2025-01-23 00:00:00-05:00,5.328000068664551,5.328000068664551,5.328000068664551,5.328000068664551,0,0.0,0.0
2025-01-24 00:00:00-05:00,5.329999923706055,5.329999923706055,5.329999923706055,5.329999923706055,400,0.0,0.0
2025-01-27 00:00:00-05:00,5.409999847412109,5.409999847412109,5.25,5.309999942779541,8100,0.0,0.0
2025-01-28 00:00:00-05:00,5.309999942779541,5.309999942779541,5.309999942779541,5.309999942779541,0,0.0,0.0
2025-01-29 00:00:00-05:00,5.230000019073486,5.230000019073486,5.21999979019165,5.21999979019165,2200,0.0,0.0
2025-01-30 00:00:00-05:00,5.239999771118164,5.239999771118164,5.230000019073486,5.230000019073486,5500,0.0,0.0
2025-01-31 00:00:00-05:00,5.199999809265137,5.3470001220703125,5.139999866485596,5.159999847412109,6500,0.0,0.0
2025-02-03 00:00:00-05:00,5.050000190734863,5.150000095367432,5.050000190734863,5.050000190734863,1500,0.0,0.0
2025-02-04 00:00:00-05:00,5.039999961853027,5.039999961853027,5.039999961853027,5.039999961853027,1000,0.0,0.0
2025-02-05 00:00:00-05:00,4.945000171661377,4.945000171661377,4.889999866485596,4.889999866485596,1600,0.0,0.0
2025-02-06 00:00:00-05:00,5.119999885559082,5.119999885559082,4.860000133514404,4.96999979019165,3600,0.0,0.0
2025-02-07 00:00:00-05:00,4.96999979019165,4.96999979019165,4.96999979019165,4.96999979019165,0,0.0,0.0
2025-02-10 00:00:00-05:00,5.099999904632568,5.099999904632568,5.099999904632568,5.099999904632568,2600,0.0,0.0
2025-02-11 00:00:00-05:00,4.960000038146973,5.050000190734863,4.869999885559082,4.920000076293945,2100,0.0,0.0
2025-02-12 00:00:00-05:00,4.920000076293945,4.920000076293945,4.920000076293945,4.920000076293945,0,0.0,0.0
2025-02-13 00:00:00-05:00,4.920000076293945,4.920000076293945,4.920000076293945,4.920000076293945,0,0.0,0.0
2025-02-14 00:00:00-05:00,4.820000171661377,4.820000171661377,4.800000190734863,4.800000190734863,2600,0.0,0.0
2025-02-18 00:00:00-05:00,4.78000020980835,4.954999923706055,4.78000020980835,4.914999961853027,1500,0.0,0.0
2025-02-19 00:00:00-05:00,4.914999961853027,4.914999961853027,4.914999961853027,4.914999961853027,0,0.0,0.0
2025-02-20 00:00:00-05:00,4.914999961853027,4.914999961853027,4.914999961853027,4.914999961853027,0,0.0,0.0
2025-02-21 00:00:00-05:00,4.795000076293945,5.039999961853027,4.681000232696533,4.681000232696533,2700,0.0,0.0
2025-02-24 00:00:00-05:00,4.960000038146973,4.960000038146973,4.900000095367432,4.900000095367432,900,0.0,0.0
2025-02-25 00:00:00-05:00,4.900000095367432,4.900000095367432,4.900000095367432,4.900000095367432,0,0.0,0.0
2025-02-26 00:00:00-05:00,4.869999885559082,4.869999885559082,4.869999885559082,4.869999885559082,300,0.0,0.0
2025-02-27 00:00:00-05:00,4.820000171661377,4.849999904632568,4.820000171661377,4.849999904632568,400,0.0,0.0
2025-02-28 00:00:00-05:00,4.599999904632568,5.050000190734863,4.599999904632568,5.03000020980835,2100,0.0,0.0
2025-03-03 00:00:00-05:00,5.03000020980835,5.03000020980835,5.03000020980835,5.03000020980835,0,0.0,0.0
2025-03-04 00:00:00-05:00,4.679999828338623,5.0,4.670000076293945,4.679999828338623,1500,0.0,0.0
2025-03-05 00:00:00-05:00,4.610000133514404,4.980000019073486,4.610000133514404,4.900000095367432,3200,0.0,0.0
2025-03-06 00:00:00-05:00,4.650000095367432,5.005000114440918,4.650000095367432,4.900000095367432,1500,0.0,0.0
2025-03-07 00:00:00-05:00,4.539999961853027,5.099999904632568,4.480000019073486,5.010000228881836,12900,0.0,0.0
2025-03-10 00:00:00-04:00,4.690000057220459,4.800000190734863,4.269999980926514,4.638999938964844,10200,0.0,0.0
2025-03-11 00:00:00-04:00,4.489999771118164,4.699999809265137,4.320000171661377,4.5,8600,0.0,0.0
2025-03-12 00:00:00-04:00,4.309999942779541,4.625,4.309999942779541,4.420000076293945,4300,0.0,0.0
2025-03-13 00:00:00-04:00,4.400000095367432,4.400000095367432,4.389999866485596,4.389999866485596,700,0.0,0.0
2025-03-14 00:00:00-04:00,4.340000152587891,4.349999904632568,4.329999923706055,4.329999923706055,600,0.0,0.0
2025-03-17 00:00:00-04:00,4.050000190734863,4.429999828338623,4.050000190734863,4.28000020980835,3500,0.0,0.0
2025-03-18 00:00:00-04:00,4.130000114440918,4.258999824523926,3.759999990463257,3.759999990463257,6500,0.0,0.0
2025-03-19 00:00:00-04:00,3.799999952316284,4.320000171661377,3.799999952316284,4.199999809265137,3700,0.0,0.0
2025-03-20 00:00:00-04:00,4.03000020980835,4.25,4.03000020980835,4.25,1200,0.0,0.0
2025-03-21 00:00:00-04:00,4.079999923706055,4.079999923706055,3.930000066757202,3.930000066757202,600,0.0,0.0
2025-03-24 00:00:00-04:00,3.880000114440918,4.019999980926514,3.880000114440918,3.9019999504089355,1100,0.0,0.0
2025-03-25 00:00:00-04:00,3.880000114440918,3.880000114440918,3.880000114440918,3.880000114440918,200,0.0,0.0
2025-03-26 00:00:00-04:00,4.239999771118164,4.771999835968018,4.239999771118164,4.295000076293945,6700,0.0,0.0
2025-03-27 00:00:00-04:00,4.329999923706055,4.539999961853027,4.25,4.300000190734863,12000,0.0,0.0
2025-03-28 00:00:00-04:00,4.199999809265137,4.564000129699707,4.199999809265137,4.564000129699707,4100,0.0,0.0
2025-03-31 00:00:00-04:00,4.289999961853027,4.5,3.880000114440918,3.880000114440918,5700,0.0,0.0
2025-04-01 00:00:00-04:00,4.065000057220459,4.309999942779541,3.809999942779541,3.8399999141693115,13900,0.0,0.0
2025-04-02 00:00:00-04:00,3.799999952316284,3.809000015258789,3.75,3.809000015258789,2400,0.0,0.0
2025-04-03 00:00:00-04:00,3.7049999237060547,4.004000186920166,3.6500000953674316,3.7200000286102295,2200,0.0,0.0
2025-04-04 00:00:00-04:00,3.6500000953674316,4.019999980926514,3.569000005722046,3.569000005722046,2200,0.0,0.0
2025-04-07 00:00:00-04:00,3.5169999599456787,3.6700000762939453,3.5169999599456787,3.5399999618530273,2400,0.0,0.0
2025-04-08 00:00:00-04:00,3.680000066757202,4.1479997634887695,3.680000066757202,3.8299999237060547,9600,0.0,0.0
2025-04-09 00:00:00-04:00,3.799999952316284,3.799999952316284,3.509999990463257,3.7200000286102295,5700,0.0,0.0
2025-04-10 00:00:00-04:00,3.740000009536743,3.7899999618530273,3.740000009536743,3.7899999618530273,900,0.0,0.0
2025-04-11 00:00:00-04:00,3.8399999141693115,3.867000102996826,3.625999927520752,3.867000102996826,2500,0.0,0.0
2025-04-14 00:00:00-04:00,3.859999895095825,3.880000114440918,3.619999885559082,3.859999895095825,1200,0.0,0.0
2025-04-15 00:00:00-04:00,3.809999942779541,3.990000009536743,3.7300000190734863,3.9100000858306885,2800,0.0,0.0
2025-04-16 00:00:00-04:00,3.859999895095825,3.8949999809265137,3.569999933242798,3.569999933242798,1600,0.0,0.0
2025-04-17 00:00:00-04:00,3.75,4.0,3.75,3.9700000286102295,6400,0.0,0.0
2025-04-21 00:00:00-04:00,4.159999847412109,4.25,3.759999990463257,3.7699999809265137,11100,0.0,0.0
2025-04-22 00:00:00-04:00,3.809999942779541,4.03000020980835,3.799999952316284,3.878999948501587,4800,0.0,0.0
2025-04-23 00:00:00-04:00,4.079999923706055,4.21999979019165,3.890000104904175,3.890000104904175,5100,0.0,0.0
2025-04-24 00:00:00-04:00,4.119999885559082,4.150000095367432,4.079999923706055,4.079999923706055,1400,0.0,0.0
2025-04-25 00:00:00-04:00,4.090000152587891,4.198999881744385,3.990000009536743,4.198999881744385,327600,0.0,0.0
2025-04-28 00:00:00-04:00,4.480000019073486,4.480000019073486,4.002999782562256,4.079999923706055,83300,0.0,0.0
2025-04-29 00:00:00-04:00,3.819999933242798,3.9719998836517334,3.359999895095825,3.7699999809265137,31700,0.0,0.0
2025-04-30 00:00:00-04:00,3.819999933242798,3.9549999237060547,3.799999952316284,3.9000000953674316,11700,0.0,0.0
2025-05-01 00:00:00-04:00,3.627000093460083,3.859999895095825,3.627000093460083,3.747999906539917,2900,0.0,0.0
2025-05-02 00:00:00-04:00,4.079999923706055,4.079999923706055,3.75,4.079999923706055,7400,0.0,0.0
2025-05-05 00:00:00-04:00,4.079999923706055,4.150000095367432,4.079999923706055,4.079999923706055,1900,0.0,0.0
2025-05-06 00:00:00-04:00,4.139999866485596,4.269999980926514,4.059999942779541,4.079999923706055,3900,0.0,0.0
2025-05-07 00:00:00-04:00,4.0,4.230000019073486,3.7899999618530273,4.230000019073486,2500,0.0,0.0
2025-05-08 00:00:00-04:00,4.21999979019165,4.21999979019165,3.9639999866485596,3.9639999866485596,2900,0.0,0.0
2025-05-09 00:00:00-04:00,4.010000228881836,4.099999904632568,3.950000047683716,4.099999904632568,2800,0.0,0.0
2025-05-12 00:00:00-04:00,4.040999889373779,4.275000095367432,4.040999889373779,4.275000095367432,1500,0.0,0.0
2025-05-13 00:00:00-04:00,4.184999942779541,4.184999942779541,3.8889999389648438,3.9790000915527344,5300,0.0,0.0
2025-05-14 00:00:00-04:00,3.9200000762939453,3.9700000286102295,3.9000000953674316,3.9100000858306885,2100,0.0,0.0
2025-05-15 00:00:00-04:00,3.9100000858306885,4.03000020980835,3.8499999046325684,3.8499999046325684,6600,0.0,0.0
2025-05-16 00:00:00-04:00,3.890000104904175,3.890000104904175,3.8399999141693115,3.8399999141693115,1100,0.0,0.0
2025-05-19 00:00:00-04:00,3.9000000953674316,3.950000047683716,3.9000000953674316,3.950000047683716,1000,0.0,0.0
2025-05-20 00:00:00-04:00,4.170000076293945,4.170000076293945,3.940000057220459,3.940000057220459,3900,0.0,0.0
2025-05-21 00:00:00-04:00,3.940000057220459,3.940000057220459,3.940000057220459,3.940000057220459,0,0.0,0.0
2025-05-22 00:00:00-04:00,3.9000000953674316,3.9000000953674316,3.8929998874664307,3.8929998874664307,4100,0.0,0.0
2025-05-23 00:00:00-04:00,3.944999933242798,4.110000133514404,3.869999885559082,4.039999961853027,10100,0.0,0.0
2025-05-27 00:00:00-04:00,3.950000047683716,4.059999942779541,3.950000047683716,4.059999942779541,2000,0.0,0.0
2025-05-28 00:00:00-04:00,4.050000190734863,4.050000190734863,4.050000190734863,4.050000190734863,1100,0.0,0.0
2025-05-29 00:00:00-04:00,3.5769999027252197,3.5769999027252197,3.5769999027252197,3.5769999027252197,700,0.0,0.0
2025-05-30 00:00:00-04:00,3.859999895095825,4.078999996185303,3.812999963760376,3.812999963760376,2500,0.0,0.0
2025-06-02 00:00:00-04:00,3.619999885559082,3.799999952316284,3.619999885559082,3.7899999618530273,3000,0.0,0.0
2025-06-03 00:00:00-04:00,3.809999942779541,3.819999933242798,3.5450000762939453,3.5899999141693115,8200,0.0,0.0
2025-06-04 00:00:00-04:00,3.5899999141693115,3.6500000953674316,3.559999942779541,3.6500000953674316,3400,0.0,0.0
2025-06-05 00:00:00-04:00,3.640000104904175,3.640000104904175,3.509999990463257,3.559999942779541,1300,0.0,0.0
2025-06-06 00:00:00-04:00,3.5899999141693115,3.7990000247955322,3.5799999237060547,3.7990000247955322,1600,0.0,0.0
2025-06-09 00:00:00-04:00,3.799999952316284,3.884999990463257,3.799999952316284,3.884999990463257,700,0.0,0.0
2025-06-10 00:00:00-04:00,3.9700000286102295,3.9700000286102295,3.697000026702881,3.697000026702881,900,0.0,0.0
2025-06-11 00:00:00-04:00,3.609999895095825,3.609999895095825,3.609999895095825,3.609999895095825,900,0.0,0.0
2025-06-12 00:00:00-04:00,3.75,3.9000000953674316,3.75,3.9000000953674316,800,0.0,0.0
2025-06-13 00:00:00-04:00,3.680000066757202,4.119999885559082,3.680000066757202,3.8399999141693115,2100,0.0,0.0
2025-06-16 00:00:00-04:00,3.940000057220459,3.950000047683716,3.8399999141693115,3.8399999141693115,2400,0.0,0.0
2025-06-17 00:00:00-04:00,4.130000114440918,4.130000114440918,3.759999990463257,3.759999990463257,2800,0.0,0.0
2025-06-18 00:00:00-04:00,3.819999933242798,3.819999933242798,3.819999933242798,3.819999933242798,400,0.0,0.0
2025-06-20 00:00:00-04:00,3.890000104904175,3.890000104904175,3.890000104904175,3.890000104904175,300,0.0,0.0
2025-06-23 00:00:00-04:00,3.9000000953674316,3.5,3.5,3.5,133,0.0,0.0
