Date,Open,High,Low,Close,Volume,Dividends,Stock Splits
2021-03-17 00:00:00-04:00,33.0,38.36000061035156,32.7599983215332,36.380001068115234,6351500,0.0,0.0
2021-03-18 00:00:00-04:00,36.189998626708984,38.0,33.5,35.060001373291016,844500,0.0,0.0
2021-03-19 00:00:00-04:00,35.029998779296875,36.5,33.630001068115234,33.9900016784668,359600,0.0,0.0
2021-03-22 00:00:00-04:00,34.97999954223633,36.47999954223633,33.25,35.25,875100,0.0,0.0
2021-03-23 00:00:00-04:00,35.630001068115234,35.790000915527344,33.5099983215332,34.25,1139300,0.0,0.0
2021-03-24 00:00:00-04:00,34.20000076293945,34.66999816894531,31.670000076293945,32.0,606300,0.0,0.0
2021-03-25 00:00:00-04:00,31.610000610351562,32.88999938964844,31.020000457763672,31.25,404800,0.0,0.0
2021-03-26 00:00:00-04:00,31.209999084472656,33.27000045776367,31.062000274658203,33.040000915527344,250200,0.0,0.0
2021-03-29 00:00:00-04:00,33.18000030517578,34.2599983215332,33.06999969482422,33.61000061035156,456200,0.0,0.0
2021-03-30 00:00:00-04:00,33.349998474121094,34.380001068115234,32.8849983215332,34.040000915527344,266700,0.0,0.0
2021-03-31 00:00:00-04:00,34.36000061035156,34.97999954223633,33.0,34.279998779296875,223200,0.0,0.0
2021-04-01 00:00:00-04:00,34.5,34.5,33.060001373291016,33.5,124200,0.0,0.0
2021-04-05 00:00:00-04:00,33.95000076293945,36.21500015258789,33.650001525878906,34.83000183105469,371300,0.0,0.0
2021-04-06 00:00:00-04:00,34.88999938964844,37.70000076293945,34.42499923706055,37.20500183105469,474300,0.0,0.0
2021-04-07 00:00:00-04:00,37.209999084472656,38.36000061035156,36.619998931884766,36.650001525878906,194500,0.0,0.0
2021-04-08 00:00:00-04:00,37.099998474121094,39.54999923706055,36.67499923706055,38.25,596000,0.0,0.0
2021-04-09 00:00:00-04:00,38.7599983215332,39.470001220703125,37.27000045776367,38.209999084472656,145300,0.0,0.0
2021-04-12 00:00:00-04:00,36.93000030517578,40.54999923706055,36.93000030517578,39.66999816894531,324700,0.0,0.0
2021-04-13 00:00:00-04:00,39.81999969482422,40.58000183105469,39.435001373291016,40.529998779296875,150000,0.0,0.0
2021-04-14 00:00:00-04:00,40.650001525878906,42.93000030517578,40.27000045776367,41.75,159700,0.0,0.0
2021-04-15 00:00:00-04:00,42.0,42.59000015258789,40.987998962402344,41.939998626708984,106200,0.0,0.0
2021-04-16 00:00:00-04:00,42.22999954223633,42.83599853515625,41.55400085449219,41.900001525878906,86600,0.0,0.0
2021-04-19 00:00:00-04:00,42.0,42.65999984741211,41.54999923706055,42.06999969482422,136000,0.0,0.0
2021-04-20 00:00:00-04:00,42.0,42.775001525878906,41.11000061035156,42.4900016784668,75200,0.0,0.0
2021-04-21 00:00:00-04:00,42.63999938964844,44.0,41.779998779296875,43.08000183105469,155200,0.0,0.0
2021-04-22 00:00:00-04:00,43.4900016784668,44.130001068115234,41.400001525878906,41.9900016784668,263200,0.0,0.0
2021-04-23 00:00:00-04:00,42.459999084472656,42.99700164794922,41.04999923706055,41.08000183105469,111700,0.0,0.0
2021-04-26 00:00:00-04:00,40.95000076293945,42.4119987487793,40.08000183105469,40.380001068115234,138000,0.0,0.0
2021-04-27 00:00:00-04:00,40.15999984741211,41.117000579833984,39.13999938964844,40.599998474121094,101300,0.0,0.0
2021-04-28 00:00:00-04:00,40.88999938964844,42.7400016784668,40.4900016784668,42.45000076293945,78700,0.0,0.0
2021-04-29 00:00:00-04:00,42.900001525878906,43.52000045776367,41.58000183105469,41.83000183105469,194400,0.0,0.0
2021-04-30 00:00:00-04:00,41.83000183105469,42.775001525878906,40.13999938964844,40.70000076293945,161800,0.0,0.0
2021-05-03 00:00:00-04:00,41.0,41.220001220703125,39.52000045776367,39.9900016784668,187400,0.0,0.0
2021-05-04 00:00:00-04:00,39.95000076293945,40.189998626708984,38.65999984741211,38.86000061035156,105100,0.0,0.0
2021-05-05 00:00:00-04:00,38.880001068115234,40.439998626708984,38.869998931884766,40.099998474121094,356400,0.0,0.0
2021-05-06 00:00:00-04:00,40.119998931884766,40.79999923706055,36.349998474121094,37.119998931884766,209800,0.0,0.0
2021-05-07 00:00:00-04:00,37.38999938964844,41.349998474121094,37.25,40.86000061035156,82500,0.0,0.0
2021-05-10 00:00:00-04:00,40.689998626708984,40.709999084472656,38.060001373291016,38.099998474121094,132400,0.0,0.0
2021-05-11 00:00:00-04:00,37.560001373291016,38.0,36.665000915527344,37.7400016784668,111700,0.0,0.0
2021-05-12 00:00:00-04:00,37.7400016784668,38.709999084472656,37.15999984741211,38.099998474121094,83400,0.0,0.0
2021-05-13 00:00:00-04:00,38.150001525878906,39.04999923706055,36.16999816894531,37.689998626708984,103600,0.0,0.0
2021-05-14 00:00:00-04:00,38.13999938964844,40.2400016784668,37.560001373291016,39.54999923706055,60000,0.0,0.0
2021-05-17 00:00:00-04:00,39.470001220703125,40.36000061035156,39.0,39.7400016784668,56300,0.0,0.0
2021-05-18 00:00:00-04:00,37.060001373291016,37.41999816894531,34.619998931884766,35.099998474121094,542800,0.0,0.0
2021-05-19 00:00:00-04:00,35.0,35.91999816894531,34.119998931884766,35.54999923706055,252100,0.0,0.0
2021-05-20 00:00:00-04:00,35.400001525878906,36.849998474121094,34.4900016784668,34.5,3481600,0.0,0.0
2021-05-21 00:00:00-04:00,34.5099983215332,34.97999954223633,33.9900016784668,34.0099983215332,1115300,0.0,0.0
2021-05-24 00:00:00-04:00,34.029998779296875,35.20000076293945,34.029998779296875,34.83000183105469,494200,0.0,0.0
2021-05-25 00:00:00-04:00,34.869998931884766,35.5099983215332,34.599998474121094,34.790000915527344,390400,0.0,0.0
2021-05-26 00:00:00-04:00,34.5099983215332,35.29999923706055,34.5,35.0,341000,0.0,0.0
2021-05-27 00:00:00-04:00,35.0099983215332,36.86000061035156,34.95000076293945,35.9900016784668,844700,0.0,0.0
2021-05-28 00:00:00-04:00,35.97999954223633,37.869998931884766,35.96500015258789,37.20000076293945,704100,0.0,0.0
2021-06-01 00:00:00-04:00,37.426998138427734,38.619998931884766,37.029998779296875,38.52000045776367,659400,0.0,0.0
2021-06-02 00:00:00-04:00,38.52000045776367,39.27000045776367,38.040000915527344,38.75,405800,0.0,0.0
2021-06-03 00:00:00-04:00,38.47999954223633,39.2400016784668,38.16999816894531,38.5,526500,0.0,0.0
2021-06-04 00:00:00-04:00,38.75,39.13999938964844,36.709999084472656,37.5,381500,0.0,0.0
2021-06-07 00:00:00-04:00,37.63999938964844,38.93000030517578,37.01499938964844,38.93000030517578,679600,0.0,0.0
2021-06-08 00:00:00-04:00,38.9900016784668,41.59000015258789,38.27000045776367,40.790000915527344,859900,0.0,0.0
2021-06-09 00:00:00-04:00,40.7400016784668,41.130001068115234,39.95000076293945,40.029998779296875,861500,0.0,0.0
2021-06-10 00:00:00-04:00,40.0,40.36000061035156,37.89400100708008,38.79999923706055,506600,0.0,0.0
2021-06-11 00:00:00-04:00,38.43000030517578,41.13999938964844,37.70000076293945,40.220001220703125,4938000,0.0,0.0
2021-06-14 00:00:00-04:00,40.439998626708984,41.880001068115234,39.20000076293945,39.790000915527344,415000,0.0,0.0
2021-06-15 00:00:00-04:00,39.65999984741211,40.95000076293945,39.26900100708008,40.439998626708984,488600,0.0,0.0
2021-06-16 00:00:00-04:00,40.369998931884766,42.470001220703125,39.63999938964844,39.70000076293945,739400,0.0,0.0
2021-06-17 00:00:00-04:00,40.0,40.790000915527344,39.79999923706055,40.130001068115234,590500,0.0,0.0
2021-06-18 00:00:00-04:00,39.7599983215332,41.42499923706055,39.7599983215332,40.459999084472656,1675300,0.0,0.0
2021-06-21 00:00:00-04:00,40.529998779296875,41.400001525878906,40.220001220703125,40.400001525878906,338600,0.0,0.0
2021-06-22 00:00:00-04:00,40.40999984741211,40.40999984741211,38.439998626708984,39.470001220703125,247200,0.0,0.0
2021-06-23 00:00:00-04:00,39.40999984741211,40.595001220703125,38.41999816894531,39.900001525878906,219000,0.0,0.0
2021-06-24 00:00:00-04:00,40.0099983215332,40.70000076293945,39.36000061035156,40.0,254300,0.0,0.0
2021-06-25 00:00:00-04:00,40.0099983215332,40.22999954223633,38.279998779296875,38.59000015258789,2238300,0.0,0.0
2021-06-28 00:00:00-04:00,38.47999954223633,38.83100128173828,36.5,36.65999984741211,344700,0.0,0.0
2021-06-29 00:00:00-04:00,37.040000915527344,37.040000915527344,35.4900016784668,35.52000045776367,203300,0.0,0.0
2021-06-30 00:00:00-04:00,35.38999938964844,37.650001525878906,35.38999938964844,37.0099983215332,298400,0.0,0.0
2021-07-01 00:00:00-04:00,37.22999954223633,38.310001373291016,36.689998626708984,38.060001373291016,171900,0.0,0.0
2021-07-02 00:00:00-04:00,38.02000045776367,38.540000915527344,36.85499954223633,37.06999969482422,176400,0.0,0.0
2021-07-06 00:00:00-04:00,36.900001525878906,37.12300109863281,35.7599983215332,36.16999816894531,207800,0.0,0.0
2021-07-07 00:00:00-04:00,36.130001068115234,36.130001068115234,34.58000183105469,35.5,246300,0.0,0.0
2021-07-08 00:00:00-04:00,34.72999954223633,35.470001220703125,33.650001525878906,34.540000915527344,230500,0.0,0.0
2021-07-09 00:00:00-04:00,35.040000915527344,35.959999084472656,34.5099983215332,35.54999923706055,136800,0.0,0.0
2021-07-12 00:00:00-04:00,35.380001068115234,35.540000915527344,34.470001220703125,34.7400016784668,196700,0.0,0.0
2021-07-13 00:00:00-04:00,34.959999084472656,34.959999084472656,33.95000076293945,34.08000183105469,125300,0.0,0.0
2021-07-14 00:00:00-04:00,35.18000030517578,35.7400016784668,33.95000076293945,34.279998779296875,181600,0.0,0.0
2021-07-15 00:00:00-04:00,34.029998779296875,35.0,32.34000015258789,32.779998779296875,226700,0.0,0.0
2021-07-16 00:00:00-04:00,33.290000915527344,33.70000076293945,32.029998779296875,32.220001220703125,290300,0.0,0.0
2021-07-19 00:00:00-04:00,31.440000534057617,31.954999923706055,30.0,30.979999542236328,329600,0.0,0.0
2021-07-20 00:00:00-04:00,31.15999984741211,33.68000030517578,31.1200008392334,33.56999969482422,301600,0.0,0.0
2021-07-21 00:00:00-04:00,33.779998779296875,34.77000045776367,33.16999816894531,34.470001220703125,306100,0.0,0.0
2021-07-22 00:00:00-04:00,34.34000015258789,34.86000061035156,33.310001373291016,33.43000030517578,163100,0.0,0.0
2021-07-23 00:00:00-04:00,33.72999954223633,33.970001220703125,32.56999969482422,33.869998931884766,141700,0.0,0.0
2021-07-26 00:00:00-04:00,34.0099983215332,34.83000183105469,33.560001373291016,33.95000076293945,229700,0.0,0.0
2021-07-27 00:00:00-04:00,33.70000076293945,34.08000183105469,32.685001373291016,33.5,241900,0.0,0.0
2021-07-28 00:00:00-04:00,33.77000045776367,35.459999084472656,33.25,34.61000061035156,212200,0.0,0.0
2021-07-29 00:00:00-04:00,35.91999816894531,36.150001525878906,33.45000076293945,33.650001525878906,258100,0.0,0.0
2021-07-30 00:00:00-04:00,33.560001373291016,34.29999923706055,32.0099983215332,32.4900016784668,181700,0.0,0.0
2021-08-02 00:00:00-04:00,32.790000915527344,33.400001525878906,31.860000610351562,31.899999618530273,276000,0.0,0.0
2021-08-03 00:00:00-04:00,32.02000045776367,33.775001525878906,31.6299991607666,32.84000015258789,324600,0.0,0.0
2021-08-04 00:00:00-04:00,32.47999954223633,33.29999923706055,31.649999618530273,32.0099983215332,211300,0.0,0.0
2021-08-05 00:00:00-04:00,32.11000061035156,33.38999938964844,31.709999084472656,33.29999923706055,153300,0.0,0.0
2021-08-06 00:00:00-04:00,33.720001220703125,34.529998779296875,33.2599983215332,34.5099983215332,138800,0.0,0.0
2021-08-09 00:00:00-04:00,34.369998931884766,34.58000183105469,32.95000076293945,34.290000915527344,144100,0.0,0.0
2021-08-10 00:00:00-04:00,34.33000183105469,34.619998931884766,33.54999923706055,34.31999969482422,170800,0.0,0.0
2021-08-11 00:00:00-04:00,34.25,36.34000015258789,33.88999938964844,36.13999938964844,159900,0.0,0.0
2021-08-12 00:00:00-04:00,35.779998779296875,35.939998626708984,34.41999816894531,34.5,195400,0.0,0.0
2021-08-13 00:00:00-04:00,34.0,34.310001373291016,32.790000915527344,33.130001068115234,132100,0.0,0.0
2021-08-16 00:00:00-04:00,32.88999938964844,33.119998931884766,31.940000534057617,32.650001525878906,136500,0.0,0.0
2021-08-17 00:00:00-04:00,32.029998779296875,32.19499969482422,30.510000228881836,31.450000762939453,233400,0.0,0.0
2021-08-18 00:00:00-04:00,31.5,32.380001068115234,30.950000762939453,31.049999237060547,127800,0.0,0.0
2021-08-19 00:00:00-04:00,30.780000686645508,30.899999618530273,29.389999389648438,30.139999389648438,161400,0.0,0.0
2021-08-20 00:00:00-04:00,30.059999465942383,30.268999099731445,29.09000015258789,29.459999084472656,222800,0.0,0.0
2021-08-23 00:00:00-04:00,29.719999313354492,31.93000030517578,29.600000381469727,31.770000457763672,237700,0.0,0.0
2021-08-24 00:00:00-04:00,32.0099983215332,32.36000061035156,30.770000457763672,31.329999923706055,290000,0.0,0.0
2021-08-25 00:00:00-04:00,31.489999771118164,31.899999618530273,30.719999313354492,30.93000030517578,223100,0.0,0.0
2021-08-26 00:00:00-04:00,30.739999771118164,31.670000076293945,30.43000030517578,31.1299991607666,165600,0.0,0.0
2021-08-27 00:00:00-04:00,31.399999618530273,32.25,31.290000915527344,32.060001373291016,162700,0.0,0.0
2021-08-30 00:00:00-04:00,32.11000061035156,32.417999267578125,31.3700008392334,32.0099983215332,188700,0.0,0.0
2021-08-31 00:00:00-04:00,32.08000183105469,32.959999084472656,32.0099983215332,32.38999938964844,177700,0.0,0.0
2021-09-01 00:00:00-04:00,32.70000076293945,33.34000015258789,32.70000076293945,33.0,150700,0.0,0.0
2021-09-02 00:00:00-04:00,33.119998931884766,33.43000030517578,32.55500030517578,33.029998779296875,162700,0.0,0.0
2021-09-03 00:00:00-04:00,33.0,33.52000045776367,32.380001068115234,32.5,236600,0.0,0.0
2021-09-07 00:00:00-04:00,32.5,33.029998779296875,32.165000915527344,32.619998931884766,139400,0.0,0.0
2021-09-08 00:00:00-04:00,32.34000015258789,33.34000015258789,32.18000030517578,32.970001220703125,165000,0.0,0.0
2021-09-09 00:00:00-04:00,32.66999816894531,34.38999938964844,31.709999084472656,32.56999969482422,269800,0.0,0.0
2021-09-10 00:00:00-04:00,32.689998626708984,32.689998626708984,29.829999923706055,30.09000015258789,818700,0.0,0.0
2021-09-13 00:00:00-04:00,30.280000686645508,31.700000762939453,30.049999237060547,31.639999389648438,442700,0.0,0.0
2021-09-14 00:00:00-04:00,31.899999618530273,32.33000183105469,31.270000457763672,31.899999618530273,255800,0.0,0.0
2021-09-15 00:00:00-04:00,32.0099983215332,32.55500030517578,31.239999771118164,32.470001220703125,233500,0.0,0.0
2021-09-16 00:00:00-04:00,32.400001525878906,33.90999984741211,32.290000915527344,33.709999084472656,329700,0.0,0.0
2021-09-17 00:00:00-04:00,33.88999938964844,35.040000915527344,33.529998779296875,34.599998474121094,1046400,0.0,0.0
2021-09-20 00:00:00-04:00,33.7400016784668,34.59000015258789,31.940000534057617,33.880001068115234,393200,0.0,0.0
2021-09-21 00:00:00-04:00,34.310001373291016,34.59000015258789,32.79999923706055,33.04999923706055,275200,0.0,0.0
2021-09-22 00:00:00-04:00,33.11000061035156,34.709999084472656,33.11000061035156,34.27000045776367,226200,0.0,0.0
2021-09-23 00:00:00-04:00,34.36000061035156,35.59000015258789,34.36000061035156,35.38999938964844,418800,0.0,0.0
2021-09-24 00:00:00-04:00,35.040000915527344,36.0099983215332,34.709999084472656,35.810001373291016,250800,0.0,0.0
2021-09-27 00:00:00-04:00,35.939998626708984,36.869998931884766,35.16999816894531,35.220001220703125,676500,0.0,0.0
2021-09-28 00:00:00-04:00,35.11000061035156,35.619998931884766,32.724998474121094,32.959999084472656,251700,0.0,0.0
2021-09-29 00:00:00-04:00,33.13999938964844,33.84000015258789,32.36000061035156,33.41999816894531,156000,0.0,0.0
2021-09-30 00:00:00-04:00,33.5099983215332,34.15999984741211,33.185001373291016,33.540000915527344,105100,0.0,0.0
2021-10-01 00:00:00-04:00,34.08000183105469,35.709999084472656,34.08000183105469,35.209999084472656,154100,0.0,0.0
2021-10-04 00:00:00-04:00,35.16999816894531,35.9900016784668,34.400001525878906,35.56999969482422,189700,0.0,0.0
2021-10-05 00:00:00-04:00,35.689998626708984,36.68000030517578,35.689998626708984,36.209999084472656,209000,0.0,0.0
2021-10-06 00:00:00-04:00,35.380001068115234,36.08000183105469,33.970001220703125,34.380001068115234,297500,0.0,0.0
2021-10-07 00:00:00-04:00,34.72999954223633,35.310001373291016,33.66999816894531,33.81999969482422,136000,0.0,0.0
2021-10-08 00:00:00-04:00,33.84000015258789,34.540000915527344,33.84000015258789,34.209999084472656,104600,0.0,0.0
2021-10-11 00:00:00-04:00,34.15999984741211,35.369998931884766,34.15999984741211,34.2400016784668,102000,0.0,0.0
2021-10-12 00:00:00-04:00,34.209999084472656,35.630001068115234,33.720001220703125,35.540000915527344,122800,0.0,0.0
2021-10-13 00:00:00-04:00,33.20000076293945,35.18000030517578,31.59000015258789,32.2599983215332,565300,0.0,0.0
2021-10-14 00:00:00-04:00,32.58000183105469,34.04999923706055,31.899999618530273,33.77000045776367,462600,0.0,0.0
2021-10-15 00:00:00-04:00,32.79999923706055,32.939998626708984,31.010000228881836,31.299999237060547,5747000,0.0,0.0
2021-10-18 00:00:00-04:00,31.270000457763672,32.599998474121094,31.077999114990234,31.610000610351562,2257100,0.0,0.0
2021-10-19 00:00:00-04:00,31.709999084472656,32.04499816894531,30.954999923706055,31.40999984741211,1953100,0.0,0.0
2021-10-20 00:00:00-04:00,31.280000686645508,32.27000045776367,30.739999771118164,30.799999237060547,966200,0.0,0.0
2021-10-21 00:00:00-04:00,31.299999237060547,31.81999969482422,30.219999313354492,31.030000686645508,1701400,0.0,0.0
2021-10-22 00:00:00-04:00,30.940000534057617,31.75,30.726999282836914,31.100000381469727,437100,0.0,0.0
2021-10-25 00:00:00-04:00,31.290000915527344,31.84000015258789,31.040000915527344,31.530000686645508,337000,0.0,0.0
2021-10-26 00:00:00-04:00,31.719999313354492,32.5,31.309999465942383,31.510000228881836,298400,0.0,0.0
2021-10-27 00:00:00-04:00,31.399999618530273,31.399999618530273,30.610000610351562,31.020000457763672,381200,0.0,0.0
2021-10-28 00:00:00-04:00,31.40999984741211,31.51799964904785,30.75,30.979999542236328,453000,0.0,0.0
2021-10-29 00:00:00-04:00,30.950000762939453,31.280000686645508,30.149999618530273,30.280000686645508,258700,0.0,0.0
2021-11-01 00:00:00-04:00,30.299999237060547,31.850000381469727,30.079999923706055,31.25,365100,0.0,0.0
2021-11-02 00:00:00-04:00,30.8700008392334,31.270000457763672,29.860000610351562,30.56999969482422,608200,0.0,0.0
2021-11-03 00:00:00-04:00,30.149999618530273,31.719999313354492,30.149999618530273,31.3799991607666,383700,0.0,0.0
2021-11-04 00:00:00-04:00,31.729999542236328,31.729999542236328,30.575000762939453,30.739999771118164,245500,0.0,0.0
2021-11-05 00:00:00-04:00,31.790000915527344,32.97999954223633,31.399999618530273,32.7599983215332,1059400,0.0,0.0
2021-11-08 00:00:00-05:00,33.119998931884766,33.310001373291016,32.349998474121094,32.529998779296875,719800,0.0,0.0
2021-11-09 00:00:00-05:00,32.56999969482422,32.60499954223633,31.219999313354492,32.52000045776367,650400,0.0,0.0
2021-11-10 00:00:00-05:00,32.119998931884766,32.38999938964844,30.780000686645508,30.93000030517578,242800,0.0,0.0
2021-11-11 00:00:00-05:00,30.969999313354492,31.139999389648438,30.290000915527344,30.440000534057617,197500,0.0,0.0
2021-11-12 00:00:00-05:00,30.40999984741211,30.899999618530273,29.670000076293945,30.829999923706055,353300,0.0,0.0
2021-11-15 00:00:00-05:00,31.260000228881836,31.889999389648438,30.610000610351562,31.8700008392334,440700,0.0,0.0
2021-11-16 00:00:00-05:00,31.760000228881836,31.90999984741211,30.719999313354492,31.600000381469727,826600,0.0,0.0
2021-11-17 00:00:00-05:00,31.549999237060547,31.549999237060547,30.270000457763672,30.510000228881836,151100,0.0,0.0
2021-11-18 00:00:00-05:00,30.81999969482422,30.81999969482422,29.290000915527344,29.75,374200,0.0,0.0
2021-11-19 00:00:00-05:00,29.459999084472656,29.81999969482422,28.469999313354492,29.350000381469727,385600,0.0,0.0
2021-11-22 00:00:00-05:00,30.200000762939453,30.200000762939453,28.641000747680664,29.010000228881836,465400,0.0,0.0
2021-11-23 00:00:00-05:00,29.200000762939453,29.59000015258789,28.299999237060547,28.8700008392334,227300,0.0,0.0
2021-11-24 00:00:00-05:00,28.610000610351562,28.850000381469727,28.1299991607666,28.639999389648438,209900,0.0,0.0
2021-11-26 00:00:00-05:00,27.190000534057617,27.764999389648438,25.850000381469727,27.530000686645508,341600,0.0,0.0
2021-11-29 00:00:00-05:00,28.219999313354492,28.6200008392334,27.910999298095703,28.329999923706055,457900,0.0,0.0
2021-11-30 00:00:00-05:00,27.719999313354492,28.34000015258789,26.479999542236328,27.43000030517578,798600,0.0,0.0
2021-12-01 00:00:00-05:00,28.469999313354492,28.469999313354492,25.270000457763672,25.559999465942383,620000,0.0,0.0
2021-12-02 00:00:00-05:00,27.0,27.229999542236328,25.829999923706055,26.780000686645508,585200,0.0,0.0
2021-12-03 00:00:00-05:00,26.920000076293945,26.920000076293945,25.149999618530273,26.209999084472656,567100,0.0,0.0
2021-12-06 00:00:00-05:00,26.68000030517578,28.450000762939453,26.610000610351562,27.530000686645508,557400,0.0,0.0
2021-12-07 00:00:00-05:00,28.1200008392334,28.610000610351562,26.434999465942383,26.829999923706055,681300,0.0,0.0
2021-12-08 00:00:00-05:00,27.110000610351562,29.040000915527344,27.110000610351562,28.1299991607666,687300,0.0,0.0
2021-12-09 00:00:00-05:00,27.760000228881836,27.959999084472656,27.139999389648438,27.229999542236328,500000,0.0,0.0
2021-12-10 00:00:00-05:00,27.329999923706055,27.575000762939453,26.34000015258789,27.139999389648438,1006600,0.0,0.0
2021-12-13 00:00:00-05:00,26.829999923706055,26.9950008392334,25.540000915527344,26.049999237060547,400800,0.0,0.0
2021-12-14 00:00:00-05:00,25.950000762939453,26.700000762939453,25.299999237060547,25.459999084472656,447800,0.0,0.0
2021-12-15 00:00:00-05:00,25.450000762939453,25.56999969482422,24.309999465942383,25.350000381469727,665600,0.0,0.0
2021-12-16 00:00:00-05:00,25.43000030517578,26.100000381469727,24.350000381469727,24.459999084472656,439300,0.0,0.0
2021-12-17 00:00:00-05:00,24.510000228881836,26.079999923706055,23.969999313354492,24.90999984741211,1457300,0.0,0.0
2021-12-20 00:00:00-05:00,24.219999313354492,25.100000381469727,24.010000228881836,24.979999542236328,241400,0.0,0.0
2021-12-21 00:00:00-05:00,25.200000762939453,26.64900016784668,25.200000762939453,26.299999237060547,406600,0.0,0.0
2021-12-22 00:00:00-05:00,27.15999984741211,27.68000030517578,26.389999389648438,26.6200008392334,424700,0.0,0.0
2021-12-23 00:00:00-05:00,26.850000381469727,28.049999237060547,26.260000228881836,27.940000534057617,396700,0.0,0.0
2021-12-27 00:00:00-05:00,27.770000457763672,28.56999969482422,26.649999618530273,27.209999084472656,540500,0.0,0.0
2021-12-28 00:00:00-05:00,27.110000610351562,27.893999099731445,27.110000610351562,27.65999984741211,211200,0.0,0.0
2021-12-29 00:00:00-05:00,27.6200008392334,27.6200008392334,26.6299991607666,26.959999084472656,282900,0.0,0.0
2021-12-30 00:00:00-05:00,26.860000610351562,28.059999465942383,26.68199920654297,27.389999389648438,266900,0.0,0.0
2021-12-31 00:00:00-05:00,27.579999923706055,27.84000015258789,26.75,27.25,270200,0.0,0.0
2022-01-03 00:00:00-05:00,27.59000015258789,29.219999313354492,27.59000015258789,28.079999923706055,466700,0.0,0.0
2022-01-04 00:00:00-05:00,28.290000915527344,28.81999969482422,27.729999542236328,27.81999969482422,295000,0.0,0.0
2022-01-05 00:00:00-05:00,28.030000686645508,28.780000686645508,27.5,27.600000381469727,457600,0.0,0.0
2022-01-06 00:00:00-05:00,27.799999237060547,28.739999771118164,27.05299949645996,27.75,375000,0.0,0.0
2022-01-07 00:00:00-05:00,27.780000686645508,28.579999923706055,27.454999923706055,28.1200008392334,526200,0.0,0.0
2022-01-10 00:00:00-05:00,27.899999618530273,27.926000595092773,26.7450008392334,27.219999313354492,292300,0.0,0.0
2022-01-11 00:00:00-05:00,27.079999923706055,28.3700008392334,27.079999923706055,28.229999542236328,300800,0.0,0.0
2022-01-12 00:00:00-05:00,28.360000610351562,28.579999923706055,27.530000686645508,27.780000686645508,311800,0.0,0.0
2022-01-13 00:00:00-05:00,27.815000534057617,29.030000686645508,27.600000381469727,28.3799991607666,427600,0.0,0.0
2022-01-14 00:00:00-05:00,28.139999389648438,28.149999618530273,27.15999984741211,27.59000015258789,320800,0.0,0.0
2022-01-18 00:00:00-05:00,27.139999389648438,27.459999084472656,25.8700008392334,26.200000762939453,409900,0.0,0.0
2022-01-19 00:00:00-05:00,26.530000686645508,26.530000686645508,25.649999618530273,25.899999618530273,281800,0.0,0.0
2022-01-20 00:00:00-05:00,26.280000686645508,26.790000915527344,25.520000457763672,25.639999389648438,380300,0.0,0.0
2022-01-21 00:00:00-05:00,25.3700008392334,25.8700008392334,24.704999923706055,25.06999969482422,444300,0.0,0.0
2022-01-24 00:00:00-05:00,24.309999465942383,25.579999923706055,23.84000015258789,25.469999313354492,449500,0.0,0.0
2022-01-25 00:00:00-05:00,25.059999465942383,25.649999618530273,24.520000457763672,25.170000076293945,302500,0.0,0.0
2022-01-26 00:00:00-05:00,25.459999084472656,26.065000534057617,24.299999237060547,24.600000381469727,333800,0.0,0.0
2022-01-27 00:00:00-05:00,25.110000610351562,25.950000762939453,24.219999313354492,24.280000686645508,402800,0.0,0.0
2022-01-28 00:00:00-05:00,24.280000686645508,25.549999237060547,23.420000076293945,25.489999771118164,387500,0.0,0.0
2022-01-31 00:00:00-05:00,25.229999542236328,26.670000076293945,24.86199951171875,26.579999923706055,228600,0.0,0.0
2022-02-01 00:00:00-05:00,26.8700008392334,27.190000534057617,25.895000457763672,26.579999923706055,265800,0.0,0.0
2022-02-02 00:00:00-05:00,26.59000015258789,26.649999618530273,25.889999389648438,26.5,211500,0.0,0.0
2022-02-03 00:00:00-05:00,26.31999969482422,26.93000030517578,26.040000915527344,26.25,258700,0.0,0.0
2022-02-04 00:00:00-05:00,26.18000030517578,26.350000381469727,25.65999984741211,25.940000534057617,262400,0.0,0.0
2022-02-07 00:00:00-05:00,26.239999771118164,27.270000457763672,24.75,25.0,711400,0.0,0.0
2022-02-08 00:00:00-05:00,27.899999618530273,27.899999618530273,26.290000915527344,27.020000457763672,989200,0.0,0.0
2022-02-09 00:00:00-05:00,27.09000015258789,29.670000076293945,27.0,29.290000915527344,657600,0.0,0.0
2022-02-10 00:00:00-05:00,28.75,29.90999984741211,28.010000228881836,29.540000915527344,593800,0.0,0.0
2022-02-11 00:00:00-05:00,29.700000762939453,30.138999938964844,27.770000457763672,28.18000030517578,532000,0.0,0.0
2022-02-14 00:00:00-05:00,28.389999389648438,30.01300048828125,28.170000076293945,28.979999542236328,386500,0.0,0.0
2022-02-15 00:00:00-05:00,29.75,30.610000610351562,29.459999084472656,29.600000381469727,450600,0.0,0.0
2022-02-16 00:00:00-05:00,29.3799991607666,30.104999542236328,28.764999389648438,29.3799991607666,239700,0.0,0.0
2022-02-17 00:00:00-05:00,28.940000534057617,29.084999084472656,27.920000076293945,28.420000076293945,267400,0.0,0.0
2022-02-18 00:00:00-05:00,28.200000762939453,28.759000778198242,27.3700008392334,27.68000030517578,202600,0.0,0.0
2022-02-22 00:00:00-05:00,27.540000915527344,27.809999465942383,26.93000030517578,27.100000381469727,276500,0.0,0.0
2022-02-23 00:00:00-05:00,27.290000915527344,27.610000610351562,26.100000381469727,26.31999969482422,236400,0.0,0.0
2022-02-24 00:00:00-05:00,25.260000228881836,27.34000015258789,24.65999984741211,27.100000381469727,477500,0.0,0.0
2022-02-25 00:00:00-05:00,27.3799991607666,28.489999771118164,27.3799991607666,27.6299991607666,343700,0.0,0.0
2022-02-28 00:00:00-05:00,27.049999237060547,27.514999389648438,26.18000030517578,27.049999237060547,526700,0.0,0.0
2022-03-01 00:00:00-05:00,26.889999389648438,26.889999389648438,25.969999313354492,26.290000915527344,366700,0.0,0.0
2022-03-02 00:00:00-05:00,26.56999969482422,27.270000457763672,26.059999465942383,26.59000015258789,400600,0.0,0.0
2022-03-03 00:00:00-05:00,26.760000228881836,27.079999923706055,25.344999313354492,25.59000015258789,302700,0.0,0.0
2022-03-04 00:00:00-05:00,25.170000076293945,25.479999542236328,24.25,24.829999923706055,476700,0.0,0.0
2022-03-07 00:00:00-05:00,24.6200008392334,24.860000610351562,20.549999237060547,21.010000228881836,625300,0.0,0.0
2022-03-08 00:00:00-05:00,21.260000228881836,23.559999465942383,20.75,21.860000610351562,580700,0.0,0.0
2022-03-09 00:00:00-05:00,22.829999923706055,24.360000610351562,22.510000228881836,23.899999618530273,1089200,0.0,0.0
2022-03-10 00:00:00-05:00,23.209999084472656,23.850000381469727,22.559999465942383,23.3700008392334,618600,0.0,0.0
2022-03-11 00:00:00-05:00,23.579999923706055,24.003999710083008,22.360000610351562,22.65999984741211,448000,0.0,0.0
2022-03-14 00:00:00-04:00,22.979999542236328,23.540000915527344,21.84000015258789,22.790000915527344,398300,0.0,0.0
2022-03-15 00:00:00-04:00,23.559999465942383,24.350000381469727,23.239999771118164,23.56999969482422,304900,0.0,0.0
2022-03-16 00:00:00-04:00,24.1299991607666,24.760000228881836,23.732999801635742,24.0,781500,0.0,0.0
2022-03-17 00:00:00-04:00,23.649999618530273,24.239999771118164,23.375,24.010000228881836,986300,0.0,0.0
2022-03-18 00:00:00-04:00,23.729999542236328,25.479999542236328,23.600000381469727,24.670000076293945,976100,0.0,0.0
2022-03-21 00:00:00-04:00,24.510000228881836,24.8700008392334,23.18000030517578,23.559999465942383,263400,0.0,0.0
2022-03-22 00:00:00-04:00,23.809999465942383,24.530000686645508,23.73900032043457,24.209999084472656,317900,0.0,0.0
2022-03-23 00:00:00-04:00,24.1299991607666,24.415000915527344,23.59000015258789,23.8700008392334,216500,0.0,0.0
2022-03-24 00:00:00-04:00,24.110000610351562,24.15999984741211,23.420000076293945,24.110000610351562,494700,0.0,0.0
2022-03-25 00:00:00-04:00,24.190000534057617,25.209999084472656,24.110000610351562,24.93000030517578,429500,0.0,0.0
2022-03-28 00:00:00-04:00,25.020000457763672,25.459999084472656,24.450000762939453,25.43000030517578,371500,0.0,0.0
2022-03-29 00:00:00-04:00,26.299999237060547,27.31999969482422,25.780000686645508,25.989999771118164,422300,0.0,0.0
2022-03-30 00:00:00-04:00,25.6200008392334,26.729999542236328,25.40999984741211,25.959999084472656,441100,0.0,0.0
2022-03-31 00:00:00-04:00,25.979999542236328,26.469999313354492,25.729999542236328,26.18000030517578,294700,0.0,0.0
2022-04-01 00:00:00-04:00,26.40999984741211,27.18000030517578,26.25,26.559999465942383,423000,0.0,0.0
2022-04-04 00:00:00-04:00,26.229999542236328,27.059999465942383,26.09000015258789,26.75,268300,0.0,0.0
2022-04-05 00:00:00-04:00,26.75,26.895000457763672,25.75,26.270000457763672,418700,0.0,0.0
2022-04-06 00:00:00-04:00,25.549999237060547,26.03499984741211,25.09000015258789,25.450000762939453,293800,0.0,0.0
2022-04-07 00:00:00-04:00,25.09000015258789,25.3700008392334,24.040000915527344,24.440000534057617,359400,0.0,0.0
2022-04-08 00:00:00-04:00,24.31999969482422,24.479999542236328,23.84000015258789,23.989999771118164,233300,0.0,0.0
2022-04-11 00:00:00-04:00,23.8700008392334,25.15999984741211,23.65999984741211,24.709999084472656,246300,0.0,0.0
2022-04-12 00:00:00-04:00,24.899999618530273,25.68000030517578,24.635000228881836,25.280000686645508,363600,0.0,0.0
2022-04-13 00:00:00-04:00,25.799999237060547,27.309999465942383,25.75,27.18000030517578,398900,0.0,0.0
2022-04-14 00:00:00-04:00,27.299999237060547,27.700000762939453,27.030000686645508,27.209999084472656,363700,0.0,0.0
2022-04-18 00:00:00-04:00,26.334999084472656,27.43000030517578,26.334999084472656,26.8799991607666,343600,0.0,0.0
2022-04-19 00:00:00-04:00,26.889999389648438,27.850000381469727,26.889999389648438,27.65999984741211,276200,0.0,0.0
2022-04-20 00:00:00-04:00,27.850000381469727,28.31999969482422,27.389999389648438,27.649999618530273,177400,0.0,0.0
2022-04-21 00:00:00-04:00,28.690000534057617,29.979999542236328,28.690000534057617,29.110000610351562,770600,0.0,0.0
2022-04-22 00:00:00-04:00,29.190000534057617,29.479999542236328,27.93000030517578,28.1299991607666,392600,0.0,0.0
2022-04-25 00:00:00-04:00,27.719999313354492,27.78499984741211,26.760000228881836,27.649999618530273,262800,0.0,0.0
2022-04-26 00:00:00-04:00,27.1200008392334,27.360000610351562,25.459999084472656,26.65999984741211,342900,0.0,0.0
2022-04-27 00:00:00-04:00,26.530000686645508,27.399999618530273,26.402999877929688,27.0,431600,0.0,0.0
2022-04-28 00:00:00-04:00,27.540000915527344,27.81999969482422,26.469999313354492,27.760000228881836,315500,0.0,0.0
2022-04-29 00:00:00-04:00,27.59000015258789,28.360000610351562,26.690000534057617,27.510000228881836,323900,0.0,0.0
2022-05-02 00:00:00-04:00,27.59000015258789,28.149999618530273,27.049999237060547,27.84000015258789,328500,0.0,0.0
2022-05-03 00:00:00-04:00,27.920000076293945,28.850000381469727,27.299999237060547,28.079999923706055,285600,0.0,0.0
2022-05-04 00:00:00-04:00,27.75,28.69499969482422,27.110000610351562,28.670000076293945,382100,0.0,0.0
2022-05-05 00:00:00-04:00,28.049999237060547,28.309999465942383,26.645000457763672,27.540000915527344,388300,0.0,0.0
2022-05-06 00:00:00-04:00,27.290000915527344,27.34000015258789,24.959999084472656,25.3799991607666,368500,0.0,0.0
2022-05-09 00:00:00-04:00,24.989999771118164,25.170000076293945,23.979999542236328,24.170000076293945,396900,0.0,0.0
2022-05-10 00:00:00-04:00,24.670000076293945,24.93000030517578,23.75,24.149999618530273,341900,0.0,0.0
2022-05-11 00:00:00-04:00,24.360000610351562,25.0049991607666,23.030000686645508,23.09000015258789,426900,0.0,0.0
2022-05-12 00:00:00-04:00,22.899999618530273,22.899999618530273,21.354999542236328,22.280000686645508,342300,0.0,0.0
2022-05-13 00:00:00-04:00,22.690000534057617,23.6200008392334,22.165000915527344,23.43000030517578,402500,0.0,0.0
2022-05-16 00:00:00-04:00,23.31999969482422,24.020000457763672,22.94499969482422,23.540000915527344,349500,0.0,0.0
2022-05-17 00:00:00-04:00,24.170000076293945,25.270000457763672,24.110000610351562,25.239999771118164,229300,0.0,0.0
2022-05-18 00:00:00-04:00,24.75,25.09000015258789,23.520000457763672,23.809999465942383,318100,0.0,0.0
2022-05-19 00:00:00-04:00,23.56999969482422,24.549999237060547,23.5,23.989999771118164,594500,0.0,0.0
2022-05-20 00:00:00-04:00,24.280000686645508,24.280000686645508,22.969999313354492,23.579999923706055,286800,0.0,0.0
2022-05-23 00:00:00-04:00,23.989999771118164,24.1200008392334,23.145000457763672,23.959999084472656,242800,0.0,0.0
2022-05-24 00:00:00-04:00,23.540000915527344,24.06999969482422,22.834999084472656,23.93000030517578,423700,0.0,0.0
2022-05-25 00:00:00-04:00,23.700000762939453,24.18000030517578,23.31999969482422,23.729999542236328,247700,0.0,0.0
2022-05-26 00:00:00-04:00,24.049999237060547,24.979999542236328,23.93000030517578,24.299999237060547,282300,0.0,0.0
2022-05-27 00:00:00-04:00,23.84000015258789,24.299999237060547,21.219999313354492,23.280000686645508,1627500,0.0,0.0
2022-05-31 00:00:00-04:00,22.940000534057617,23.770000457763672,22.469999313354492,23.649999618530273,652100,0.0,0.0
2022-06-01 00:00:00-04:00,24.0,24.0,21.649999618530273,21.729999542236328,935400,0.0,0.0
2022-06-02 00:00:00-04:00,21.920000076293945,22.1200008392334,21.280000686645508,21.829999923706055,785900,0.0,0.0
2022-06-03 00:00:00-04:00,21.639999389648438,21.639999389648438,20.219999313354492,21.15999984741211,1042200,0.0,0.0
2022-06-06 00:00:00-04:00,21.559999465942383,22.420000076293945,21.450000762939453,21.690000534057617,810400,0.0,0.0
2022-06-07 00:00:00-04:00,21.389999389648438,21.719999313354492,20.8799991607666,21.1299991607666,1037000,0.0,0.0
2022-06-08 00:00:00-04:00,20.989999771118164,21.459999084472656,20.790000915527344,20.860000610351562,585600,0.0,0.0
2022-06-09 00:00:00-04:00,20.770000457763672,20.959999084472656,20.1200008392334,20.290000915527344,465700,0.0,0.0
2022-06-10 00:00:00-04:00,20.079999923706055,21.010000228881836,19.959999084472656,20.489999771118164,3498900,0.0,0.0
2022-06-13 00:00:00-04:00,19.860000610351562,20.079999923706055,18.420000076293945,18.440000534057617,535000,0.0,0.0
2022-06-14 00:00:00-04:00,18.5,20.350000381469727,17.34000015258789,17.899999618530273,475200,0.0,0.0
2022-06-15 00:00:00-04:00,18.1299991607666,18.790000915527344,18.09600067138672,18.459999084472656,379400,0.0,0.0
2022-06-16 00:00:00-04:00,17.889999389648438,18.31999969482422,17.049999237060547,17.280000686645508,332000,0.0,0.0
2022-06-17 00:00:00-04:00,17.459999084472656,17.746999740600586,17.0,17.610000610351562,484500,0.0,0.0
2022-06-21 00:00:00-04:00,17.729999542236328,18.010000228881836,17.459999084472656,17.59000015258789,317300,0.0,0.0
2022-06-22 00:00:00-04:00,17.350000381469727,17.780000686645508,17.1200008392334,17.270000457763672,259500,0.0,0.0
2022-06-23 00:00:00-04:00,17.389999389648438,17.485000610351562,17.030000686645508,17.31999969482422,233200,0.0,0.0
2022-06-24 00:00:00-04:00,17.510000228881836,18.219999313354492,17.510000228881836,17.920000076293945,382500,0.0,0.0
2022-06-27 00:00:00-04:00,17.950000762939453,18.469999313354492,17.399999618530273,17.450000762939453,322400,0.0,0.0
2022-06-28 00:00:00-04:00,17.649999618530273,18.118000030517578,17.0,17.010000228881836,269300,0.0,0.0
2022-06-29 00:00:00-04:00,18.700000762939453,19.204999923706055,18.270000457763672,18.31999969482422,2922100,0.0,0.0
2022-06-30 00:00:00-04:00,18.06999969482422,18.489999771118164,17.639999389648438,18.34000015258789,1595800,0.0,0.0
2022-07-01 00:00:00-04:00,18.190000534057617,18.790000915527344,17.885000228881836,18.360000610351562,7416900,0.0,0.0
2022-07-05 00:00:00-04:00,17.8700008392334,18.8799991607666,17.459999084472656,18.84000015258789,955100,0.0,0.0
2022-07-06 00:00:00-04:00,18.899999618530273,19.049999237060547,18.469999313354492,18.559999465942383,550400,0.0,0.0
2022-07-07 00:00:00-04:00,18.56999969482422,18.860000610351562,18.290000915527344,18.670000076293945,419800,0.0,0.0
2022-07-08 00:00:00-04:00,18.690000534057617,19.149999618530273,18.3799991607666,19.010000228881836,570500,0.0,0.0
2022-07-11 00:00:00-04:00,18.719999313354492,19.1200008392334,18.559999465942383,18.8799991607666,407000,0.0,0.0
2022-07-12 00:00:00-04:00,18.829999923706055,19.670000076293945,18.829999923706055,19.1200008392334,319100,0.0,0.0
2022-07-13 00:00:00-04:00,18.59000015258789,19.040000915527344,18.43000030517578,19.0,401700,0.0,0.0
2022-07-14 00:00:00-04:00,18.84000015258789,19.09000015258789,18.459999084472656,18.670000076293945,321900,0.0,0.0
2022-07-15 00:00:00-04:00,19.260000228881836,19.459999084472656,18.540000915527344,19.079999923706055,398500,0.0,0.0
2022-07-18 00:00:00-04:00,19.600000381469727,19.739999771118164,18.799999237060547,18.889999389648438,243700,0.0,0.0
2022-07-19 00:00:00-04:00,19.229999542236328,19.649999618530273,18.989999771118164,19.600000381469727,269700,0.0,0.0
2022-07-20 00:00:00-04:00,19.639999389648438,20.409000396728516,19.31999969482422,20.229999542236328,421900,0.0,0.0
2022-07-21 00:00:00-04:00,19.950000762939453,20.170000076293945,19.579999923706055,20.170000076293945,423100,0.0,0.0
2022-07-22 00:00:00-04:00,20.260000228881836,20.354999542236328,19.719999313354492,19.8799991607666,497400,0.0,0.0
2022-07-25 00:00:00-04:00,19.8799991607666,20.010000228881836,19.229999542236328,19.3700008392334,358300,0.0,0.0
2022-07-26 00:00:00-04:00,19.110000610351562,19.110000610351562,18.280000686645508,18.290000915527344,333200,0.0,0.0
2022-07-27 00:00:00-04:00,18.670000076293945,19.729999542236328,18.389999389648438,19.43000030517578,363800,0.0,0.0
2022-07-28 00:00:00-04:00,19.260000228881836,20.040000915527344,19.100000381469727,19.969999313354492,227000,0.0,0.0
2022-07-29 00:00:00-04:00,19.940000534057617,20.489999771118164,19.829999923706055,20.170000076293945,226300,0.0,0.0
2022-08-01 00:00:00-04:00,20.079999923706055,20.56999969482422,19.700000762939453,20.520000457763672,295800,0.0,0.0
2022-08-02 00:00:00-04:00,20.229999542236328,20.613000869750977,19.84000015258789,20.200000762939453,185900,0.0,0.0
2022-08-03 00:00:00-04:00,20.479999542236328,21.139999389648438,20.43000030517578,20.969999313354492,255100,0.0,0.0
2022-08-04 00:00:00-04:00,20.860000610351562,21.059999465942383,20.56999969482422,20.920000076293945,457800,0.0,0.0
2022-08-05 00:00:00-04:00,20.59000015258789,21.06999969482422,20.469999313354492,20.770000457763672,221500,0.0,0.0
2022-08-08 00:00:00-04:00,20.690000534057617,21.190000534057617,20.690000534057617,20.889999389648438,303000,0.0,0.0
2022-08-09 00:00:00-04:00,20.5,20.5,18.424999237060547,18.5,553500,0.0,0.0
2022-08-10 00:00:00-04:00,18.8799991607666,20.010000228881836,18.8799991607666,19.889999389648438,506800,0.0,0.0
2022-08-11 00:00:00-04:00,20.290000915527344,20.510000228881836,19.770000457763672,19.809999465942383,394100,0.0,0.0
2022-08-12 00:00:00-04:00,19.950000762939453,20.125,19.530000686645508,19.760000228881836,229600,0.0,0.0
2022-08-15 00:00:00-04:00,19.959999084472656,20.399999618530273,19.611000061035156,20.209999084472656,203400,0.0,0.0
2022-08-16 00:00:00-04:00,20.1299991607666,20.530000686645508,19.979999542236328,20.440000534057617,266700,0.0,0.0
2022-08-17 00:00:00-04:00,20.079999923706055,20.170000076293945,19.299999237060547,19.309999465942383,276300,0.0,0.0
2022-08-18 00:00:00-04:00,19.209999084472656,19.700000762939453,19.010000228881836,19.56999969482422,264900,0.0,0.0
2022-08-19 00:00:00-04:00,19.219999313354492,19.260000228881836,18.6299991607666,18.639999389648438,241100,0.0,0.0
2022-08-22 00:00:00-04:00,18.31999969482422,18.3700008392334,18.0,18.100000381469727,351600,0.0,0.0
2022-08-23 00:00:00-04:00,18.1200008392334,18.549999237060547,18.084999084472656,18.440000534057617,203200,0.0,0.0
2022-08-24 00:00:00-04:00,18.399999618530273,18.790000915527344,18.399999618530273,18.700000762939453,223800,0.0,0.0
2022-08-25 00:00:00-04:00,18.90999984741211,19.34000015258789,18.7450008392334,18.8700008392334,232200,0.0,0.0
2022-08-26 00:00:00-04:00,19.06999969482422,20.3799991607666,18.829999923706055,19.360000610351562,1175700,0.0,0.0
2022-08-29 00:00:00-04:00,19.010000228881836,19.56999969482422,18.93000030517578,19.34000015258789,781800,0.0,0.0
2022-08-30 00:00:00-04:00,19.639999389648438,20.229999542236328,19.5,20.209999084472656,726200,0.0,0.0
2022-08-31 00:00:00-04:00,20.290000915527344,20.75,19.760000228881836,19.920000076293945,1166100,0.0,0.0
2022-09-01 00:00:00-04:00,19.459999084472656,20.170000076293945,19.229999542236328,20.149999618530273,603800,0.0,0.0
2022-09-02 00:00:00-04:00,20.389999389648438,20.597000122070312,19.139999389648438,19.260000228881836,488000,0.0,0.0
2022-09-06 00:00:00-04:00,19.8700008392334,20.760000228881836,19.34000015258789,20.739999771118164,789100,0.0,0.0
2022-09-07 00:00:00-04:00,20.799999237060547,21.1299991607666,20.329999923706055,20.850000381469727,677100,0.0,0.0
2022-09-08 00:00:00-04:00,20.59000015258789,20.770000457763672,18.90999984741211,20.200000762939453,713200,0.0,0.0
2022-09-09 00:00:00-04:00,20.040000915527344,20.200000762939453,19.049999237060547,19.43000030517578,4269500,0.0,0.0
2022-09-12 00:00:00-04:00,19.40999984741211,19.5,18.5,18.93000030517578,888700,0.0,0.0
2022-09-13 00:00:00-04:00,18.559999465942383,18.81999969482422,18.290000915527344,18.43000030517578,523700,0.0,0.0
2022-09-14 00:00:00-04:00,18.270000457763672,18.93000030517578,17.979999542236328,18.719999313354492,559200,0.0,0.0
2022-09-15 00:00:00-04:00,18.549999237060547,19.023000717163086,18.280000686645508,18.280000686645508,640600,0.0,0.0
2022-09-16 00:00:00-04:00,17.860000610351562,18.06999969482422,16.979999542236328,17.020000457763672,916600,0.0,0.0
2022-09-19 00:00:00-04:00,16.81999969482422,17.229999542236328,16.204999923706055,16.989999771118164,684000,0.0,0.0
2022-09-20 00:00:00-04:00,16.81999969482422,16.81999969482422,16.014999389648438,16.299999237060547,615300,0.0,0.0
2022-09-21 00:00:00-04:00,16.229999542236328,16.3700008392334,15.369999885559082,15.729999542236328,1040900,0.0,0.0
2022-09-22 00:00:00-04:00,15.640000343322754,15.739999771118164,14.569999694824219,14.850000381469727,708600,0.0,0.0
2022-09-23 00:00:00-04:00,14.539999961853027,14.770000457763672,13.859999656677246,14.670000076293945,886200,0.0,0.0
2022-09-26 00:00:00-04:00,14.720000267028809,15.0600004196167,14.0,14.010000228881836,494000,0.0,0.0
2022-09-27 00:00:00-04:00,14.050000190734863,14.710000038146973,13.960000038146973,14.3100004196167,652200,0.0,0.0
2022-09-28 00:00:00-04:00,14.260000228881836,14.970000267028809,14.15999984741211,14.8100004196167,573900,0.0,0.0
2022-09-29 00:00:00-04:00,14.479999542236328,14.5,13.850000381469727,14.100000381469727,485500,0.0,0.0
2022-09-30 00:00:00-04:00,14.029999732971191,14.210000038146973,13.609999656677246,13.609999656677246,568700,0.0,0.0
2022-10-03 00:00:00-04:00,13.609999656677246,14.220000267028809,13.25,14.109999656677246,806000,0.0,0.0
2022-10-04 00:00:00-04:00,14.550000190734863,15.289999961853027,14.550000190734863,15.239999771118164,478800,0.0,0.0
2022-10-05 00:00:00-04:00,14.859999656677246,15.279999732971191,14.680000305175781,15.270000457763672,258300,0.0,0.0
2022-10-06 00:00:00-04:00,15.399999618530273,15.414999961853027,14.9399995803833,15.170000076293945,375800,0.0,0.0
2022-10-07 00:00:00-04:00,14.829999923706055,15.020000457763672,13.859999656677246,14.359999656677246,652900,0.0,0.0
2022-10-10 00:00:00-04:00,14.380000114440918,14.380000114440918,13.970000267028809,14.0600004196167,235900,0.0,0.0
2022-10-11 00:00:00-04:00,14.460000038146973,14.954999923706055,13.979999542236328,14.720000267028809,430000,0.0,0.0
2022-10-12 00:00:00-04:00,14.510000228881836,15.199999809265137,14.220000267028809,15.079999923706055,363500,0.0,0.0
2022-10-13 00:00:00-04:00,15.020000457763672,15.430000305175781,14.670000076293945,14.829999923706055,655500,0.0,0.0
2022-10-14 00:00:00-04:00,15.229999542236328,15.229999542236328,14.279999732971191,14.359999656677246,443900,0.0,0.0
2022-10-17 00:00:00-04:00,14.619999885559082,14.789999961853027,14.3100004196167,14.510000228881836,565000,0.0,0.0
2022-10-18 00:00:00-04:00,14.770000457763672,15.020000457763672,14.510000228881836,14.819999694824219,306800,0.0,0.0
2022-10-19 00:00:00-04:00,14.880000114440918,14.90999984741211,14.354999542236328,14.5,276100,0.0,0.0
2022-10-20 00:00:00-04:00,14.4399995803833,14.5600004196167,14.039999961853027,14.119999885559082,369500,0.0,0.0
2022-10-21 00:00:00-04:00,14.180000305175781,14.4399995803833,14.0,14.09000015258789,352700,0.0,0.0
2022-10-24 00:00:00-04:00,14.119999885559082,14.529999732971191,13.739999771118164,14.430000305175781,318300,0.0,0.0
2022-10-25 00:00:00-04:00,14.420000076293945,15.0,14.239999771118164,14.979999542236328,367800,0.0,0.0
2022-10-26 00:00:00-04:00,15.039999961853027,16.079999923706055,15.020000457763672,15.6899995803833,308500,0.0,0.0
2022-10-27 00:00:00-04:00,15.989999771118164,16.440000534057617,15.829999923706055,15.869999885559082,254600,0.0,0.0
2022-10-28 00:00:00-04:00,15.869999885559082,16.520000457763672,15.645000457763672,16.40999984741211,379200,0.0,0.0
2022-10-31 00:00:00-04:00,16.3700008392334,17.059999465942383,16.239999771118164,16.280000686645508,398700,0.0,0.0
2022-11-01 00:00:00-04:00,16.829999923706055,16.90999984741211,16.1299991607666,16.3700008392334,510600,0.0,0.0
2022-11-02 00:00:00-04:00,17.450000762939453,20.138999938964844,17.350000381469727,18.450000762939453,1062300,0.0,0.0
2022-11-03 00:00:00-04:00,18.15999984741211,18.738000869750977,18.0,18.709999084472656,314100,0.0,0.0
2022-11-04 00:00:00-04:00,19.079999923706055,19.450000762939453,18.639999389648438,18.940000534057617,325700,0.0,0.0
2022-11-07 00:00:00-05:00,19.1299991607666,19.65999984741211,18.6200008392334,19.649999618530273,319800,0.0,0.0
2022-11-08 00:00:00-05:00,19.649999618530273,20.3799991607666,19.329999923706055,19.790000915527344,268800,0.0,0.0
2022-11-09 00:00:00-05:00,19.540000915527344,20.049999237060547,18.93000030517578,19.6299991607666,162300,0.0,0.0
2022-11-10 00:00:00-05:00,20.559999465942383,20.815000534057617,20.229999542236328,20.780000686645508,308600,0.0,0.0
2022-11-11 00:00:00-05:00,20.81999969482422,21.75,20.81999969482422,21.559999465942383,249800,0.0,0.0
2022-11-14 00:00:00-05:00,21.479999542236328,22.209999084472656,21.239999771118164,22.100000381469727,363200,0.0,0.0
2022-11-15 00:00:00-05:00,22.479999542236328,23.549999237060547,22.475000381469727,23.0,271300,0.0,0.0
2022-11-16 00:00:00-05:00,22.8799991607666,23.214000701904297,21.420000076293945,21.81999969482422,397800,0.0,0.0
2022-11-17 00:00:00-05:00,21.65999984741211,21.84000015258789,21.100000381469727,21.25,378200,0.0,0.0
2022-11-18 00:00:00-05:00,21.350000381469727,22.06999969482422,20.5,20.639999389648438,280900,0.0,0.0
2022-11-21 00:00:00-05:00,20.459999084472656,20.920000076293945,20.31999969482422,20.540000915527344,256600,0.0,0.0
2022-11-22 00:00:00-05:00,20.520000457763672,20.8700008392334,20.170000076293945,20.81999969482422,228500,0.0,0.0
2022-11-23 00:00:00-05:00,20.81999969482422,21.25,20.562999725341797,21.030000686645508,199800,0.0,0.0
2022-11-25 00:00:00-05:00,21.0,21.540000915527344,21.0,21.209999084472656,122600,0.0,0.0
2022-11-28 00:00:00-05:00,20.889999389648438,20.889999389648438,19.290000915527344,19.389999389648438,918100,0.0,0.0
2022-11-29 00:00:00-05:00,19.389999389648438,20.34000015258789,19.350000381469727,19.559999465942383,263500,0.0,0.0
2022-11-30 00:00:00-05:00,19.6299991607666,20.540000915527344,19.350000381469727,20.200000762939453,500700,0.0,0.0
2022-12-01 00:00:00-05:00,20.190000534057617,20.739999771118164,20.033000946044922,20.200000762939453,637400,0.0,0.0
2022-12-02 00:00:00-05:00,19.799999237060547,20.13800048828125,19.25,19.3700008392334,583500,0.0,0.0
2022-12-05 00:00:00-05:00,19.3700008392334,19.549999237060547,18.60300064086914,19.209999084472656,568600,0.0,0.0
2022-12-06 00:00:00-05:00,19.239999771118164,19.450000762939453,18.450000762939453,18.809999465942383,422600,0.0,0.0
2022-12-07 00:00:00-05:00,18.729999542236328,19.079999923706055,18.350000381469727,18.40999984741211,627600,0.0,0.0
2022-12-08 00:00:00-05:00,18.56999969482422,18.959999084472656,18.239999771118164,18.579999923706055,587800,0.0,0.0
2022-12-09 00:00:00-05:00,18.3700008392334,18.885000228881836,17.93000030517578,18.350000381469727,4844500,0.0,0.0
2022-12-12 00:00:00-05:00,18.510000228881836,18.6299991607666,18.190000534057617,18.56999969482422,479800,0.0,0.0
2022-12-13 00:00:00-05:00,19.40999984741211,19.459999084472656,18.53499984741211,18.579999923706055,343000,0.0,0.0
2022-12-14 00:00:00-05:00,18.75,19.1200008392334,18.040000915527344,18.290000915527344,360300,0.0,0.0
2022-12-15 00:00:00-05:00,18.040000915527344,18.299999237060547,17.690000534057617,17.760000228881836,505800,0.0,0.0
2022-12-16 00:00:00-05:00,17.1299991607666,17.165000915527344,16.479999542236328,16.780000686645508,1364200,0.0,0.0
2022-12-19 00:00:00-05:00,16.860000610351562,16.860000610351562,16.329999923706055,16.360000610351562,504500,0.0,0.0
2022-12-20 00:00:00-05:00,16.190000534057617,16.3799991607666,16.010000228881836,16.219999313354492,480600,0.0,0.0
2022-12-21 00:00:00-05:00,16.479999542236328,16.84000015258789,16.402000427246094,16.530000686645508,392500,0.0,0.0
2022-12-22 00:00:00-05:00,16.329999923706055,16.469999313354492,15.90999984741211,16.31999969482422,443200,0.0,0.0
2022-12-23 00:00:00-05:00,16.270000457763672,16.270000457763672,15.729999542236328,15.960000038146973,355600,0.0,0.0
2022-12-27 00:00:00-05:00,15.829999923706055,16.170000076293945,15.270000457763672,15.609999656677246,505700,0.0,0.0
2022-12-28 00:00:00-05:00,15.5,15.65999984741211,15.024999618530273,15.109999656677246,687700,0.0,0.0
2022-12-29 00:00:00-05:00,15.260000228881836,15.8100004196167,15.119999885559082,15.539999961853027,617900,0.0,0.0
2022-12-30 00:00:00-05:00,15.319999694824219,16.010000228881836,15.229999542236328,15.859999656677246,337900,0.0,0.0
2023-01-03 00:00:00-05:00,16.110000610351562,16.25,15.630000114440918,15.930000305175781,216700,0.0,0.0
2023-01-04 00:00:00-05:00,16.149999618530273,16.81999969482422,16.020000457763672,16.799999237060547,253500,0.0,0.0
2023-01-05 00:00:00-05:00,16.670000076293945,17.21500015258789,16.479999542236328,17.059999465942383,242500,0.0,0.0
2023-01-06 00:00:00-05:00,17.059999465942383,17.399999618530273,16.75,17.290000915527344,250200,0.0,0.0
2023-01-09 00:00:00-05:00,17.739999771118164,18.030000686645508,17.34000015258789,17.489999771118164,214800,0.0,0.0
2023-01-10 00:00:00-05:00,17.459999084472656,17.959999084472656,17.31999969482422,17.959999084472656,192100,0.0,0.0
2023-01-11 00:00:00-05:00,18.06999969482422,18.530000686645508,17.989999771118164,18.3700008392334,171500,0.0,0.0
2023-01-12 00:00:00-05:00,18.6299991607666,19.1299991607666,18.3799991607666,19.100000381469727,191000,0.0,0.0
2023-01-13 00:00:00-05:00,18.700000762939453,18.989999771118164,18.450000762939453,18.75,242100,0.0,0.0
2023-01-17 00:00:00-05:00,18.6299991607666,18.700000762939453,18.142000198364258,18.360000610351562,229000,0.0,0.0
2023-01-18 00:00:00-05:00,18.649999618530273,19.020000457763672,18.219999313354492,18.280000686645508,283500,0.0,0.0
2023-01-19 00:00:00-05:00,18.0,18.520000457763672,17.94499969482422,18.43000030517578,241500,0.0,0.0
2023-01-20 00:00:00-05:00,18.469999313354492,18.889999389648438,18.290000915527344,18.6299991607666,367100,0.0,0.0
2023-01-23 00:00:00-05:00,18.700000762939453,18.704999923706055,18.350000381469727,18.40999984741211,147800,0.0,0.0
2023-01-24 00:00:00-05:00,18.309999465942383,18.834999084472656,18.104999542236328,18.3700008392334,142400,0.0,0.0
2023-01-25 00:00:00-05:00,18.309999465942383,18.690000534057617,18.040000915527344,18.5,176700,0.0,0.0
2023-01-26 00:00:00-05:00,18.6200008392334,18.7450008392334,18.110000610351562,18.549999237060547,214800,0.0,0.0
2023-01-27 00:00:00-05:00,18.399999618530273,19.190000534057617,18.31999969482422,18.690000534057617,284300,0.0,0.0
2023-01-30 00:00:00-05:00,18.5,18.760000228881836,18.239999771118164,18.31999969482422,191800,0.0,0.0
2023-01-31 00:00:00-05:00,18.510000228881836,18.844999313354492,18.170000076293945,18.670000076293945,300600,0.0,0.0
2023-02-01 00:00:00-05:00,18.600000381469727,19.270000457763672,18.25,19.0,264500,0.0,0.0
2023-02-02 00:00:00-05:00,19.260000228881836,20.670000076293945,19.260000228881836,20.6200008392334,233700,0.0,0.0
2023-02-03 00:00:00-05:00,21.1200008392334,21.829999923706055,20.1299991607666,21.3700008392334,962800,0.0,0.0
2023-02-06 00:00:00-05:00,21.31999969482422,22.100000381469727,20.979999542236328,21.15999984741211,539600,0.0,0.0
2023-02-07 00:00:00-05:00,21.030000686645508,21.75,20.75,21.479999542236328,354600,0.0,0.0
2023-02-08 00:00:00-05:00,21.690000534057617,21.829999923706055,21.139999389648438,21.34000015258789,302200,0.0,0.0
2023-02-09 00:00:00-05:00,21.270000457763672,21.530000686645508,20.280000686645508,21.110000610351562,419800,0.0,0.0
2023-02-10 00:00:00-05:00,20.989999771118164,21.06999969482422,20.239999771118164,20.84000015258789,282900,0.0,0.0
2023-02-13 00:00:00-05:00,20.829999923706055,21.040000915527344,20.09000015258789,20.139999389648438,452900,0.0,0.0
2023-02-14 00:00:00-05:00,20.0,21.079999923706055,19.889999389648438,20.950000762939453,283500,0.0,0.0
2023-02-15 00:00:00-05:00,20.770000457763672,21.219999313354492,20.530000686645508,21.030000686645508,273300,0.0,0.0
2023-02-16 00:00:00-05:00,19.81999969482422,20.059999465942383,19.540000915527344,20.049999237060547,2266400,0.0,0.0
2023-02-17 00:00:00-05:00,20.149999618530273,20.260000228881836,19.549999237060547,19.780000686645508,674400,0.0,0.0
2023-02-21 00:00:00-05:00,19.75,20.059999465942383,18.760000228881836,18.889999389648438,981200,0.0,0.0
2023-02-22 00:00:00-05:00,18.950000762939453,19.389999389648438,18.540000915527344,19.299999237060547,386200,0.0,0.0
2023-02-23 00:00:00-05:00,19.5,19.975000381469727,19.5,19.90999984741211,312300,0.0,0.0
2023-02-24 00:00:00-05:00,19.40999984741211,20.040000915527344,19.094999313354492,19.979999542236328,328900,0.0,0.0
2023-02-27 00:00:00-05:00,20.280000686645508,20.350000381469727,19.989999771118164,20.190000534057617,541500,0.0,0.0
2023-02-28 00:00:00-05:00,20.059999465942383,20.540000915527344,19.655000686645508,20.049999237060547,397900,0.0,0.0
2023-03-01 00:00:00-05:00,20.06999969482422,20.56999969482422,20.049999237060547,20.360000610351562,388700,0.0,0.0
2023-03-02 00:00:00-05:00,20.139999389648438,20.524999618530273,19.690000534057617,20.5,310900,0.0,0.0
2023-03-03 00:00:00-05:00,20.8700008392334,20.979999542236328,20.3700008392334,20.56999969482422,310400,0.0,0.0
2023-03-06 00:00:00-05:00,20.65999984741211,21.049999237060547,20.579999923706055,20.719999313354492,291900,0.0,0.0
2023-03-07 00:00:00-05:00,20.790000915527344,23.0,20.6200008392334,22.739999771118164,779000,0.0,0.0
2023-03-08 00:00:00-05:00,22.760000228881836,22.860000610351562,22.25,22.6299991607666,415200,0.0,0.0
2023-03-09 00:00:00-05:00,22.739999771118164,22.875,21.834999084472656,21.920000076293945,288100,0.0,0.0
2023-03-10 00:00:00-05:00,22.549999237060547,22.549999237060547,21.389999389648438,21.540000915527344,240500,0.0,0.0
2023-03-13 00:00:00-04:00,21.020000457763672,21.479999542236328,20.30500030517578,20.440000534057617,261300,0.0,0.0
2023-03-14 00:00:00-04:00,21.09000015258789,21.334999084472656,20.100000381469727,20.25,545800,0.0,0.0
2023-03-15 00:00:00-04:00,19.709999084472656,19.709999084472656,18.709999084472656,18.889999389648438,403700,0.0,0.0
2023-03-16 00:00:00-04:00,18.68000030517578,19.270000457763672,18.450000762939453,18.959999084472656,445900,0.0,0.0
2023-03-17 00:00:00-04:00,18.389999389648438,19.030000686645508,17.68000030517578,18.0,1017600,0.0,0.0
2023-03-20 00:00:00-04:00,18.239999771118164,18.43000030517578,17.8700008392334,18.190000534057617,472000,0.0,0.0
2023-03-21 00:00:00-04:00,18.6200008392334,19.020000457763672,18.25,18.81999969482422,397700,0.0,0.0
2023-03-22 00:00:00-04:00,18.860000610351562,19.420000076293945,18.170000076293945,18.420000076293945,409200,0.0,0.0
2023-03-23 00:00:00-04:00,18.549999237060547,18.760000228881836,17.940000534057617,18.200000762939453,253600,0.0,0.0
2023-03-24 00:00:00-04:00,18.030000686645508,18.489999771118164,17.670000076293945,18.34000015258789,379100,0.0,0.0
2023-03-27 00:00:00-04:00,18.540000915527344,18.809999465942383,18.229999542236328,18.6299991607666,392400,0.0,0.0
2023-03-28 00:00:00-04:00,18.5,19.3799991607666,18.5,19.18000030517578,384900,0.0,0.0
2023-03-29 00:00:00-04:00,19.459999084472656,20.06999969482422,19.270000457763672,19.780000686645508,448300,0.0,0.0
2023-03-30 00:00:00-04:00,20.010000228881836,20.3799991607666,19.809999465942383,19.93000030517578,418900,0.0,0.0
2023-03-31 00:00:00-04:00,20.1200008392334,20.719999313354492,20.09000015258789,20.5,266700,0.0,0.0
2023-04-03 00:00:00-04:00,20.5,20.5,19.43000030517578,19.8799991607666,218000,0.0,0.0
2023-04-04 00:00:00-04:00,20.020000457763672,20.100000381469727,19.524999618530273,19.719999313354492,182900,0.0,0.0
2023-04-05 00:00:00-04:00,19.889999389648438,20.18000030517578,19.25,19.510000228881836,168700,0.0,0.0
2023-04-06 00:00:00-04:00,19.690000534057617,19.84000015258789,19.459999084472656,19.75,176200,0.0,0.0
2023-04-10 00:00:00-04:00,19.790000915527344,20.1200008392334,19.610000610351562,19.979999542236328,217800,0.0,0.0
2023-04-11 00:00:00-04:00,20.09000015258789,20.360000610351562,19.940000534057617,20.239999771118164,163200,0.0,0.0
2023-04-12 00:00:00-04:00,20.149999618530273,20.219999313354492,18.979999542236328,19.18000030517578,161400,0.0,0.0
2023-04-13 00:00:00-04:00,19.5,19.5,19.045000076293945,19.1299991607666,181100,0.0,0.0
2023-04-14 00:00:00-04:00,19.1200008392334,19.31999969482422,18.459999084472656,18.6200008392334,176000,0.0,0.0
2023-04-17 00:00:00-04:00,18.649999618530273,19.049999237060547,18.649999618530273,18.780000686645508,158900,0.0,0.0
2023-04-18 00:00:00-04:00,18.90999984741211,19.100000381469727,18.420000076293945,18.65999984741211,214800,0.0,0.0
2023-04-19 00:00:00-04:00,18.530000686645508,19.579999923706055,18.510000228881836,19.520000457763672,189700,0.0,0.0
2023-04-20 00:00:00-04:00,19.43000030517578,19.709999084472656,19.059999465942383,19.239999771118164,172000,0.0,0.0
2023-04-21 00:00:00-04:00,19.15999984741211,19.415000915527344,18.989999771118164,19.209999084472656,163000,0.0,0.0
2023-04-24 00:00:00-04:00,19.200000762939453,19.440000534057617,18.84000015258789,19.09000015258789,143000,0.0,0.0
2023-04-25 00:00:00-04:00,18.829999923706055,18.940000534057617,18.56999969482422,18.6200008392334,162800,0.0,0.0
2023-04-26 00:00:00-04:00,18.530000686645508,18.825000762939453,18.139999389648438,18.25,129200,0.0,0.0
2023-04-27 00:00:00-04:00,18.579999923706055,18.719999313354492,18.100000381469727,18.600000381469727,205000,0.0,0.0
2023-04-28 00:00:00-04:00,19.729999542236328,20.170000076293945,19.059999465942383,19.729999542236328,506500,0.0,0.0
2023-05-01 00:00:00-04:00,19.59000015258789,19.59000015258789,18.229999542236328,18.3700008392334,436900,0.0,0.0
2023-05-02 00:00:00-04:00,18.31999969482422,18.398000717163086,17.309999465942383,17.780000686645508,289500,0.0,0.0
2023-05-03 00:00:00-04:00,17.8700008392334,18.549999237060547,17.8700008392334,18.06999969482422,243800,0.0,0.0
2023-05-04 00:00:00-04:00,17.809999465942383,17.809999465942383,16.799999237060547,17.139999389648438,316000,0.0,0.0
2023-05-05 00:00:00-04:00,17.350000381469727,17.81999969482422,17.184999465942383,17.6299991607666,263300,0.0,0.0
2023-05-08 00:00:00-04:00,17.649999618530273,18.1200008392334,17.559999465942383,18.059999465942383,211100,0.0,0.0
2023-05-09 00:00:00-04:00,17.920000076293945,18.579999923706055,17.722999572753906,18.31999969482422,173600,0.0,0.0
2023-05-10 00:00:00-04:00,18.610000610351562,18.610000610351562,17.799999237060547,18.09000015258789,163900,0.0,0.0
2023-05-11 00:00:00-04:00,17.93000030517578,18.3700008392334,17.68000030517578,18.229999542236328,260800,0.0,0.0
2023-05-12 00:00:00-04:00,18.290000915527344,18.43000030517578,17.790000915527344,18.020000457763672,163400,0.0,0.0
2023-05-15 00:00:00-04:00,18.040000915527344,18.44499969482422,17.81999969482422,18.229999542236328,237700,0.0,0.0
2023-05-16 00:00:00-04:00,18.1200008392334,18.510000228881836,17.770000457763672,17.799999237060547,319000,0.0,0.0
2023-05-17 00:00:00-04:00,17.969999313354492,18.56999969482422,17.860000610351562,18.219999313354492,327900,0.0,0.0
2023-05-18 00:00:00-04:00,18.229999542236328,18.389999389648438,17.84000015258789,18.149999618530273,299200,0.0,0.0
2023-05-19 00:00:00-04:00,18.31999969482422,18.31999969482422,17.84000015258789,17.989999771118164,276300,0.0,0.0
2023-05-22 00:00:00-04:00,18.040000915527344,18.040000915527344,17.5,17.559999465942383,249100,0.0,0.0
2023-05-23 00:00:00-04:00,17.530000686645508,18.049999237060547,17.3799991607666,17.479999542236328,219100,0.0,0.0
2023-05-24 00:00:00-04:00,17.3799991607666,17.540000915527344,16.850000381469727,17.530000686645508,246500,0.0,0.0
2023-05-25 00:00:00-04:00,17.469999313354492,17.725000381469727,17.3700008392334,17.540000915527344,288100,0.0,0.0
2023-05-26 00:00:00-04:00,18.0,19.34000015258789,17.799999237060547,18.3700008392334,888000,0.0,0.0
2023-05-30 00:00:00-04:00,18.450000762939453,18.780000686645508,17.780000686645508,18.600000381469727,600500,0.0,0.0
2023-05-31 00:00:00-04:00,18.690000534057617,18.93000030517578,18.469999313354492,18.799999237060547,466400,0.0,0.0
2023-06-01 00:00:00-04:00,18.829999923706055,19.15999984741211,18.799999237060547,18.93000030517578,553200,0.0,0.0
2023-06-02 00:00:00-04:00,19.209999084472656,19.610000610351562,18.934999465942383,19.299999237060547,670400,0.0,0.0
2023-06-05 00:00:00-04:00,19.079999923706055,19.326000213623047,18.75,18.940000534057617,539600,0.0,0.0
2023-06-06 00:00:00-04:00,18.790000915527344,19.600000381469727,18.790000915527344,19.530000686645508,558200,0.0,0.0
2023-06-07 00:00:00-04:00,19.6299991607666,19.976999282836914,19.3700008392334,19.56999969482422,398800,0.0,0.0
2023-06-08 00:00:00-04:00,19.520000457763672,20.219999313354492,19.489999771118164,19.690000534057617,929000,0.0,0.0
2023-06-09 00:00:00-04:00,19.649999618530273,20.05500030517578,19.40999984741211,19.5,5708700,0.0,0.0
2023-06-12 00:00:00-04:00,19.40999984741211,20.299999237060547,19.389999389648438,20.18000030517578,956100,0.0,0.0
2023-06-13 00:00:00-04:00,20.360000610351562,21.204999923706055,20.165000915527344,21.139999389648438,695000,0.0,0.0
2023-06-14 00:00:00-04:00,19.899999618530273,20.360000610351562,19.3799991607666,19.399999618530273,1610400,0.0,0.0
2023-06-15 00:00:00-04:00,19.270000457763672,19.93000030517578,19.209999084472656,19.670000076293945,554800,0.0,0.0
2023-06-16 00:00:00-04:00,19.84000015258789,20.239999771118164,19.665000915527344,19.989999771118164,1310700,0.0,0.0
2023-06-20 00:00:00-04:00,19.8799991607666,20.09000015258789,19.6200008392334,19.979999542236328,653200,0.0,0.0
2023-06-21 00:00:00-04:00,20.0,20.1200008392334,19.639999389648438,19.670000076293945,682500,0.0,0.0
2023-06-22 00:00:00-04:00,19.639999389648438,20.25,19.420000076293945,20.149999618530273,655000,0.0,0.0
2023-06-23 00:00:00-04:00,19.75,20.290000915527344,19.75,19.979999542236328,2259300,0.0,0.0
2023-06-26 00:00:00-04:00,19.969999313354492,20.200000762939453,19.65999984741211,20.110000610351562,479800,0.0,0.0
2023-06-27 00:00:00-04:00,20.170000076293945,21.209999084472656,20.06999969482422,20.969999313354492,791500,0.0,0.0
2023-06-28 00:00:00-04:00,21.219999313354492,21.514999389648438,20.979999542236328,21.309999465942383,563000,0.0,0.0
2023-06-29 00:00:00-04:00,21.350000381469727,21.93000030517578,21.34000015258789,21.850000381469727,595100,0.0,0.0
2023-06-30 00:00:00-04:00,22.0,22.709999084472656,22.0,22.479999542236328,1098500,0.0,0.0
2023-07-03 00:00:00-04:00,22.479999542236328,22.729999542236328,22.295000076293945,22.3799991607666,181200,0.0,0.0
2023-07-05 00:00:00-04:00,22.139999389648438,22.364999771118164,21.670000076293945,22.170000076293945,417400,0.0,0.0
2023-07-06 00:00:00-04:00,21.950000762939453,21.950000762939453,21.34000015258789,21.520000457763672,338200,0.0,0.0
2023-07-07 00:00:00-04:00,21.520000457763672,22.389999389648438,21.520000457763672,22.190000534057617,471800,0.0,0.0
2023-07-10 00:00:00-04:00,22.18000030517578,22.770000457763672,22.18000030517578,22.760000228881836,299400,0.0,0.0
2023-07-11 00:00:00-04:00,22.889999389648438,23.329999923706055,22.510000228881836,23.270000457763672,571300,0.0,0.0
2023-07-12 00:00:00-04:00,23.739999771118164,23.739999771118164,22.969999313354492,23.200000762939453,365900,0.0,0.0
2023-07-13 00:00:00-04:00,23.799999237060547,23.799999237060547,22.65999984741211,22.829999923706055,434800,0.0,0.0
2023-07-14 00:00:00-04:00,22.860000610351562,22.950000762939453,22.299999237060547,22.549999237060547,267700,0.0,0.0
2023-07-17 00:00:00-04:00,22.6299991607666,22.850000381469727,22.350000381469727,22.510000228881836,255900,0.0,0.0
2023-07-18 00:00:00-04:00,22.420000076293945,23.010000228881836,22.420000076293945,22.979999542236328,271300,0.0,0.0
2023-07-19 00:00:00-04:00,23.0,23.229999542236328,22.780000686645508,23.079999923706055,267200,0.0,0.0
2023-07-20 00:00:00-04:00,23.0,23.045000076293945,22.40999984741211,22.68000030517578,261300,0.0,0.0
2023-07-21 00:00:00-04:00,22.889999389648438,22.90999984741211,22.200000762939453,22.309999465942383,427900,0.0,0.0
2023-07-24 00:00:00-04:00,22.299999237060547,22.315000534057617,21.610000610351562,21.760000228881836,502200,0.0,0.0
2023-07-25 00:00:00-04:00,21.420000076293945,21.670000076293945,20.709999084472656,21.530000686645508,453400,0.0,0.0
2023-07-26 00:00:00-04:00,21.600000381469727,21.834999084472656,21.190000534057617,21.489999771118164,201200,0.0,0.0
2023-07-27 00:00:00-04:00,21.309999465942383,21.309999465942383,20.7450008392334,20.8799991607666,292000,0.0,0.0
2023-07-28 00:00:00-04:00,21.0,21.350000381469727,20.950000762939453,21.31999969482422,226700,0.0,0.0
2023-07-31 00:00:00-04:00,21.31999969482422,21.690000534057617,21.219999313354492,21.559999465942383,323200,0.0,0.0
2023-08-01 00:00:00-04:00,21.5,21.5,20.6299991607666,21.110000610351562,320400,0.0,0.0
2023-08-02 00:00:00-04:00,20.780000686645508,21.350000381469727,20.520000457763672,21.280000686645508,421500,0.0,0.0
2023-08-03 00:00:00-04:00,20.979999542236328,20.979999542236328,20.190000534057617,20.389999389648438,538300,0.0,0.0
2023-08-04 00:00:00-04:00,20.25,20.25,16.549999237060547,16.600000381469727,1445800,0.0,0.0
2023-08-07 00:00:00-04:00,16.510000228881836,17.299999237060547,16.020000457763672,16.389999389648438,833500,0.0,0.0
2023-08-08 00:00:00-04:00,16.149999618530273,16.399999618530273,15.869999885559082,16.0,512400,0.0,0.0
2023-08-09 00:00:00-04:00,15.930000305175781,15.930000305175781,15.40999984741211,15.579999923706055,655700,0.0,0.0
2023-08-10 00:00:00-04:00,15.65999984741211,16.209999084472656,15.420000076293945,16.200000762939453,770000,0.0,0.0
2023-08-11 00:00:00-04:00,16.059999465942383,16.40999984741211,15.819999694824219,16.18000030517578,1107800,0.0,0.0
2023-08-14 00:00:00-04:00,16.110000610351562,16.1200008392334,15.770000457763672,15.9399995803833,448000,0.0,0.0
2023-08-15 00:00:00-04:00,15.84000015258789,15.90999984741211,15.545000076293945,15.640000343322754,401100,0.0,0.0
2023-08-16 00:00:00-04:00,15.579999923706055,16.049999237060547,15.449999809265137,15.5,473400,0.0,0.0
2023-08-17 00:00:00-04:00,15.300000190734863,15.880000114440918,15.28499984741211,15.640000343322754,556700,0.0,0.0
2023-08-18 00:00:00-04:00,15.460000038146973,15.654999732971191,15.25,15.289999961853027,715500,0.0,0.0
2023-08-21 00:00:00-04:00,15.279999732971191,15.3100004196167,14.805000305175781,14.859999656677246,575900,0.0,0.0
2023-08-22 00:00:00-04:00,14.859999656677246,14.989999771118164,14.680000305175781,14.930000305175781,774100,0.0,0.0
2023-08-23 00:00:00-04:00,14.90999984741211,15.3100004196167,14.8100004196167,15.1899995803833,551900,0.0,0.0
2023-08-24 00:00:00-04:00,15.09000015258789,15.180000305175781,14.5,14.520000457763672,463100,0.0,0.0
2023-08-25 00:00:00-04:00,14.510000228881836,14.869999885559082,14.475000381469727,14.6899995803833,681700,0.0,0.0
2023-08-28 00:00:00-04:00,14.75,14.760000228881836,14.029999732971191,14.270000457763672,584900,0.0,0.0
2023-08-29 00:00:00-04:00,14.300000190734863,14.989999771118164,14.279999732971191,14.710000038146973,634100,0.0,0.0
2023-08-30 00:00:00-04:00,14.640000343322754,15.210000038146973,14.5600004196167,14.800000190734863,633900,0.0,0.0
2023-08-31 00:00:00-04:00,14.930000305175781,15.255000114440918,14.6899995803833,14.890000343322754,804200,0.0,0.0
2023-09-01 00:00:00-04:00,15.010000228881836,15.404999732971191,14.96500015258789,15.09000015258789,631500,0.0,0.0
2023-09-05 00:00:00-04:00,15.020000457763672,15.140000343322754,14.579999923706055,14.84000015258789,549200,0.0,0.0
2023-09-06 00:00:00-04:00,14.6899995803833,15.069999694824219,14.6899995803833,15.039999961853027,837900,0.0,0.0
2023-09-07 00:00:00-04:00,15.020000457763672,15.4399995803833,14.899999618530273,15.170000076293945,761100,0.0,0.0
2023-09-08 00:00:00-04:00,15.170000076293945,15.170000076293945,14.729999542236328,14.8100004196167,1489200,0.0,0.0
2023-09-11 00:00:00-04:00,14.899999618530273,15.710000038146973,14.84000015258789,15.569999694824219,1079300,0.0,0.0
2023-09-12 00:00:00-04:00,15.449999809265137,15.743000030517578,15.449999809265137,15.550000190734863,725400,0.0,0.0
2023-09-13 00:00:00-04:00,15.350000381469727,15.460000038146973,14.600000381469727,14.6899995803833,1110700,0.0,0.0
2023-09-14 00:00:00-04:00,14.789999961853027,15.109999656677246,14.670000076293945,14.920000076293945,797500,0.0,0.0
2023-09-15 00:00:00-04:00,14.90999984741211,15.039999961853027,14.494999885559082,14.550000190734863,1585300,0.0,0.0
2023-09-18 00:00:00-04:00,14.479999542236328,14.479999542236328,14.050000190734863,14.239999771118164,519200,0.0,0.0
2023-09-19 00:00:00-04:00,14.239999771118164,14.470000267028809,14.114999771118164,14.300000190734863,542200,0.0,0.0
2023-09-20 00:00:00-04:00,14.300000190734863,14.4350004196167,14.15999984741211,14.199999809265137,478200,0.0,0.0
2023-09-21 00:00:00-04:00,14.069999694824219,14.6899995803833,14.039999961853027,14.489999771118164,635100,0.0,0.0
2023-09-22 00:00:00-04:00,14.5,14.670000076293945,14.305999755859375,14.550000190734863,650100,0.0,0.0
2023-09-25 00:00:00-04:00,14.380000114440918,14.550000190734863,14.050000190734863,14.380000114440918,474600,0.0,0.0
2023-09-26 00:00:00-04:00,14.359999656677246,14.720000267028809,14.28499984741211,14.460000038146973,702700,0.0,0.0
2023-09-27 00:00:00-04:00,14.619999885559082,14.920000076293945,14.529999732971191,14.859999656677246,1134000,0.0,0.0
2023-09-28 00:00:00-04:00,14.84000015258789,15.470000267028809,14.779999732971191,15.069999694824219,1226400,0.0,0.0
2023-09-29 00:00:00-04:00,15.100000381469727,15.15999984741211,14.619999885559082,14.84000015258789,619200,0.0,0.0
2023-10-02 00:00:00-04:00,14.720000267028809,14.760000228881836,14.25,14.430000305175781,713000,0.0,0.0
2023-10-03 00:00:00-04:00,14.369999885559082,14.779999732971191,14.0600004196167,14.140000343322754,882700,0.0,0.0
2023-10-04 00:00:00-04:00,14.130000114440918,14.920000076293945,14.069999694824219,14.8100004196167,661000,0.0,0.0
2023-10-05 00:00:00-04:00,14.520000457763672,15.149999618530273,14.470000267028809,15.050000190734863,482600,0.0,0.0
2023-10-06 00:00:00-04:00,14.84000015258789,15.180000305175781,14.699999809265137,14.770000457763672,619200,0.0,0.0
2023-10-09 00:00:00-04:00,14.460000038146973,14.640000343322754,14.029999732971191,14.609999656677246,327200,0.0,0.0
2023-10-10 00:00:00-04:00,14.770000457763672,15.260000228881836,14.760000228881836,14.90999984741211,316000,0.0,0.0
2023-10-11 00:00:00-04:00,14.930000305175781,15.204999923706055,14.270000457763672,14.5600004196167,332200,0.0,0.0
2023-10-12 00:00:00-04:00,14.5,14.5,14.119999885559082,14.25,617600,0.0,0.0
2023-10-13 00:00:00-04:00,14.25,14.260000228881836,13.949999809265137,14.09000015258789,312300,0.0,0.0
2023-10-16 00:00:00-04:00,14.25,14.390000343322754,14.079999923706055,14.279999732971191,455300,0.0,0.0
2023-10-17 00:00:00-04:00,14.270000457763672,14.734999656677246,14.199999809265137,14.710000038146973,363900,0.0,0.0
2023-10-18 00:00:00-04:00,14.479999542236328,14.479999542236328,13.944999694824219,14.039999961853027,373000,0.0,0.0
2023-10-19 00:00:00-04:00,14.010000228881836,14.3100004196167,14.010000228881836,14.09000015258789,232700,0.0,0.0
2023-10-20 00:00:00-04:00,14.119999885559082,14.130000114440918,13.800000190734863,14.100000381469727,292200,0.0,0.0
2023-10-23 00:00:00-04:00,14.029999732971191,14.239999771118164,13.829999923706055,13.829999923706055,293800,0.0,0.0
2023-10-24 00:00:00-04:00,13.890000343322754,13.987000465393066,13.359999656677246,13.380000114440918,428400,0.0,0.0
2023-10-25 00:00:00-04:00,13.319999694824219,13.395000457763672,12.569999694824219,12.600000381469727,567300,0.0,0.0
2023-10-26 00:00:00-04:00,12.670000076293945,13.170000076293945,12.579999923706055,13.0600004196167,386900,0.0,0.0
2023-10-27 00:00:00-04:00,13.210000038146973,13.210000038146973,12.779999732971191,12.890000343322754,317400,0.0,0.0
2023-10-30 00:00:00-04:00,13.029999732971191,13.479000091552734,13.029999732971191,13.4399995803833,394300,0.0,0.0
2023-10-31 00:00:00-04:00,13.369999885559082,13.600000381469727,12.779999732971191,13.020000457763672,312700,0.0,0.0
2023-11-01 00:00:00-04:00,13.0,13.0,12.649999618530273,12.779999732971191,292400,0.0,0.0
2023-11-02 00:00:00-04:00,13.069999694824219,13.100000381469727,12.729999542236328,12.989999771118164,520400,0.0,0.0
2023-11-03 00:00:00-04:00,13.3100004196167,13.850000381469727,13.260000228881836,13.75,371700,0.0,0.0
2023-11-06 00:00:00-05:00,13.59000015258789,13.859999656677246,13.039999961853027,13.100000381469727,466400,0.0,0.0
2023-11-07 00:00:00-05:00,13.229999542236328,13.4399995803833,12.869999885559082,13.050000190734863,382900,0.0,0.0
2023-11-08 00:00:00-05:00,14.199999809265137,14.501999855041504,12.470000267028809,12.630000114440918,557000,0.0,0.0
2023-11-09 00:00:00-05:00,12.569999694824219,13.170000076293945,12.390000343322754,12.729999542236328,495700,0.0,0.0
2023-11-10 00:00:00-05:00,12.779999732971191,12.9399995803833,12.470000267028809,12.720000267028809,417100,0.0,0.0
2023-11-13 00:00:00-05:00,12.579999923706055,13.234999656677246,12.430999755859375,13.029999732971191,295400,0.0,0.0
2023-11-14 00:00:00-05:00,13.430000305175781,14.404999732971191,13.430000305175781,14.279999732971191,457700,0.0,0.0
2023-11-15 00:00:00-05:00,14.40999984741211,15.050000190734863,14.3149995803833,14.430000305175781,529400,0.0,0.0
2023-11-16 00:00:00-05:00,14.479999542236328,14.529999732971191,13.850000381469727,14.140000343322754,364000,0.0,0.0
2023-11-17 00:00:00-05:00,14.3100004196167,14.539999961853027,14.180000305175781,14.390000343322754,556000,0.0,0.0
2023-11-20 00:00:00-05:00,14.369999885559082,14.718000411987305,14.114999771118164,14.6899995803833,239200,0.0,0.0
2023-11-21 00:00:00-05:00,14.539999961853027,14.699999809265137,14.25,14.529999732971191,348000,0.0,0.0
2023-11-22 00:00:00-05:00,14.8100004196167,15.34000015258789,14.65999984741211,14.6899995803833,330100,0.0,0.0
2023-11-24 00:00:00-05:00,14.699999809265137,14.949999809265137,14.675000190734863,14.90999984741211,159500,0.0,0.0
2023-11-27 00:00:00-05:00,14.770000457763672,15.050000190734863,14.63599967956543,15.0,326400,0.0,0.0
2023-11-28 00:00:00-05:00,14.90999984741211,15.069999694824219,14.739999771118164,15.039999961853027,424400,0.0,0.0
2023-11-29 00:00:00-05:00,15.239999771118164,15.479999542236328,14.954999923706055,15.029999732971191,389000,0.0,0.0
2023-11-30 00:00:00-05:00,15.0600004196167,15.359999656677246,14.779999732971191,15.180000305175781,261300,0.0,0.0
2023-12-01 00:00:00-05:00,15.279999732971191,15.720000267028809,14.96500015258789,15.720000267028809,344600,0.0,0.0
2023-12-04 00:00:00-05:00,15.819999694824219,16.81999969482422,15.59000015258789,16.649999618530273,622100,0.0,0.0
2023-12-05 00:00:00-05:00,16.459999084472656,16.520000457763672,15.972000122070312,16.229999542236328,369900,0.0,0.0
2023-12-06 00:00:00-05:00,16.489999771118164,17.049999237060547,16.450000762939453,16.670000076293945,310200,0.0,0.0
2023-12-07 00:00:00-05:00,16.81999969482422,17.350000381469727,16.81999969482422,17.329999923706055,380800,0.0,0.0
2023-12-08 00:00:00-05:00,17.3700008392334,17.559999465942383,17.020000457763672,17.100000381469727,1444100,0.0,0.0
2023-12-11 00:00:00-05:00,17.010000228881836,17.170000076293945,16.729999542236328,16.90999984741211,267300,0.0,0.0
2023-12-12 00:00:00-05:00,15.5600004196167,16.0,15.239999771118164,15.800000190734863,2461900,0.0,0.0
2023-12-13 00:00:00-05:00,15.6899995803833,16.100000381469727,15.34000015258789,16.100000381469727,903300,0.0,0.0
2023-12-14 00:00:00-05:00,16.110000610351562,16.31999969482422,15.890000343322754,16.280000686645508,809400,0.0,0.0
2023-12-15 00:00:00-05:00,16.469999313354492,16.469999313354492,15.960000038146973,16.209999084472656,1609800,0.0,0.0
2023-12-18 00:00:00-05:00,16.149999618530273,16.15999984741211,15.710000038146973,15.880000114440918,488900,0.0,0.0
2023-12-19 00:00:00-05:00,15.920000076293945,16.25,15.869999885559082,16.139999389648438,435800,0.0,0.0
2023-12-20 00:00:00-05:00,16.110000610351562,16.382999420166016,15.895000457763672,15.930000305175781,402400,0.0,0.0
2023-12-21 00:00:00-05:00,16.18000030517578,16.420000076293945,15.920000076293945,16.09000015258789,260300,0.0,0.0
2023-12-22 00:00:00-05:00,16.09000015258789,16.18000030517578,15.850000381469727,16.049999237060547,286300,0.0,0.0
2023-12-26 00:00:00-05:00,16.25,16.25,15.890000343322754,16.09000015258789,288800,0.0,0.0
2023-12-27 00:00:00-05:00,16.139999389648438,16.139999389648438,15.789999961853027,16.030000686645508,304300,0.0,0.0
2023-12-28 00:00:00-05:00,15.949999809265137,16.190000534057617,15.729999542236328,16.139999389648438,384300,0.0,0.0
2023-12-29 00:00:00-05:00,16.1299991607666,16.1299991607666,15.710000038146973,15.729999542236328,327200,0.0,0.0
2024-01-02 00:00:00-05:00,15.630000114440918,15.772000312805176,15.295000076293945,15.569999694824219,358300,0.0,0.0
2024-01-03 00:00:00-05:00,15.279999732971191,15.279999732971191,14.180000305175781,14.199999809265137,556000,0.0,0.0
2024-01-04 00:00:00-05:00,14.289999961853027,14.890000343322754,14.09000015258789,14.640000343322754,444500,0.0,0.0
2024-01-05 00:00:00-05:00,14.59000015258789,15.305000305175781,14.520000457763672,15.079999923706055,416700,0.0,0.0
2024-01-08 00:00:00-05:00,15.069999694824219,15.380000114440918,14.779999732971191,15.109999656677246,429500,0.0,0.0
2024-01-09 00:00:00-05:00,14.899999618530273,15.0,14.479999542236328,14.489999771118164,337500,0.0,0.0
2024-01-10 00:00:00-05:00,14.170000076293945,14.281000137329102,13.84000015258789,14.149999618530273,623900,0.0,0.0
2024-01-11 00:00:00-05:00,14.149999618530273,14.149999618530273,13.800000190734863,13.90999984741211,399900,0.0,0.0
2024-01-12 00:00:00-05:00,13.789999961853027,13.789999961853027,13.119999885559082,13.319999694824219,396000,0.0,0.0
2024-01-16 00:00:00-05:00,13.0,13.029999732971191,12.579999923706055,12.869999885559082,460200,0.0,0.0
2024-01-17 00:00:00-05:00,12.710000038146973,12.880000114440918,11.960000038146973,12.270000457763672,740500,0.0,0.0
2024-01-18 00:00:00-05:00,12.34000015258789,12.460000038146973,12.0,12.430000305175781,524400,0.0,0.0
2024-01-19 00:00:00-05:00,12.520000457763672,12.619999885559082,12.121000289916992,12.579999923706055,344400,0.0,0.0
2024-01-22 00:00:00-05:00,12.720000267028809,13.350000381469727,12.720000267028809,13.329999923706055,408200,0.0,0.0
2024-01-23 00:00:00-05:00,13.680000305175781,14.130000114440918,13.680000305175781,13.829999923706055,363900,0.0,0.0
2024-01-24 00:00:00-05:00,13.989999771118164,14.005000114440918,13.670000076293945,13.869999885559082,261000,0.0,0.0
2024-01-25 00:00:00-05:00,14.279999732971191,14.510000228881836,13.970000267028809,14.329999923706055,226900,0.0,0.0
2024-01-26 00:00:00-05:00,14.449999809265137,14.59000015258789,14.0,14.130000114440918,431400,0.0,0.0
2024-01-29 00:00:00-05:00,14.15999984741211,14.319999694824219,13.90999984741211,14.300000190734863,293300,0.0,0.0
2024-01-30 00:00:00-05:00,13.949999809265137,14.149999618530273,13.760000228881836,13.789999961853027,353100,0.0,0.0
2024-01-31 00:00:00-05:00,13.75,14.079999923706055,13.369999885559082,13.609999656677246,281900,0.0,0.0
2024-02-01 00:00:00-05:00,14.380000114440918,15.270000457763672,14.279999732971191,14.65999984741211,1154100,0.0,0.0
2024-02-02 00:00:00-05:00,14.3100004196167,14.890000343322754,14.100000381469727,14.739999771118164,1361200,0.0,0.0
2024-02-05 00:00:00-05:00,14.5,14.5,13.890000343322754,13.930000305175781,504900,0.0,0.0
2024-02-06 00:00:00-05:00,13.899999618530273,14.770000457763672,13.899999618530273,14.65999984741211,686500,0.0,0.0
2024-02-07 00:00:00-05:00,14.619999885559082,14.619999885559082,14.09000015258789,14.5,627200,0.0,0.0
2024-02-08 00:00:00-05:00,14.569999694824219,14.850000381469727,14.350000381469727,14.760000228881836,421300,0.0,0.0
2024-02-09 00:00:00-05:00,14.850000381469727,15.239999771118164,14.609999656677246,15.170000076293945,542400,0.0,0.0
2024-02-12 00:00:00-05:00,15.149999618530273,15.890000343322754,15.149999618530273,15.449999809265137,646100,0.0,0.0
2024-02-13 00:00:00-05:00,14.850000381469727,15.125,14.699999809265137,14.960000038146973,718900,0.0,0.0
2024-02-14 00:00:00-05:00,15.289999961853027,15.354999542236328,14.979999542236328,15.149999618530273,805200,0.0,0.0
2024-02-15 00:00:00-05:00,15.390000343322754,15.859999656677246,15.265000343322754,15.4399995803833,1033500,0.0,0.0
2024-02-16 00:00:00-05:00,15.270000457763672,15.569999694824219,14.779999732971191,15.489999771118164,715600,0.0,0.0
2024-02-20 00:00:00-05:00,15.25,15.65999984741211,15.170000076293945,15.399999618530273,907100,0.0,0.0
2024-02-21 00:00:00-05:00,15.3100004196167,15.430000305175781,14.989999771118164,15.380000114440918,675900,0.0,0.0
2024-02-22 00:00:00-05:00,15.350000381469727,15.970000267028809,15.350000381469727,15.420000076293945,458500,0.0,0.0
2024-02-23 00:00:00-05:00,15.300000190734863,15.470000267028809,15.095000267028809,15.199999809265137,284100,0.0,0.0
2024-02-26 00:00:00-05:00,15.59000015258789,15.890000343322754,15.449999809265137,15.630000114440918,787000,0.0,0.0
2024-02-27 00:00:00-05:00,15.800000190734863,16.0,15.569999694824219,15.760000228881836,525800,0.0,0.0
2024-02-28 00:00:00-05:00,15.479999542236328,16.34000015258789,15.345000267028809,15.850000381469727,605600,0.0,0.0
2024-02-29 00:00:00-05:00,16.059999465942383,16.059999465942383,14.960000038146973,15.0,835400,0.0,0.0
2024-03-01 00:00:00-05:00,15.130000114440918,15.387999534606934,14.899999618530273,15.0,850600,0.0,0.0
2024-03-04 00:00:00-05:00,14.8100004196167,15.039999961853027,14.729999542236328,14.949999809265137,873200,0.0,0.0
2024-03-05 00:00:00-05:00,14.789999961853027,14.975000381469727,14.734999656677246,14.8100004196167,666100,0.0,0.0
2024-03-06 00:00:00-05:00,14.720000267028809,15.085000038146973,14.720000267028809,14.880000114440918,823100,0.0,0.0
2024-03-07 00:00:00-05:00,14.899999618530273,15.0,14.505000114440918,14.550000190734863,593000,0.0,0.0
2024-03-08 00:00:00-05:00,14.6899995803833,14.800000190734863,14.300000190734863,14.399999618530273,1674400,0.0,0.0
2024-03-11 00:00:00-04:00,14.34000015258789,14.449999809265137,13.930000305175781,14.0,698700,0.0,0.0
2024-03-12 00:00:00-04:00,13.859999656677246,14.029999732971191,13.369999885559082,13.869999885559082,684700,0.0,0.0
2024-03-13 00:00:00-04:00,13.800000190734863,14.079999923706055,13.680000305175781,13.770000457763672,517600,0.0,0.0
2024-03-14 00:00:00-04:00,13.699999809265137,13.710000038146973,13.399999618530273,13.5,614000,0.0,0.0
2024-03-15 00:00:00-04:00,13.5,13.729999542236328,13.444999694824219,13.550000190734863,1853700,0.0,0.0
2024-03-18 00:00:00-04:00,13.529999732971191,13.755000114440918,13.319999694824219,13.609999656677246,633000,0.0,0.0
2024-03-19 00:00:00-04:00,13.550000190734863,13.920000076293945,13.369999885559082,13.460000038146973,1039800,0.0,0.0
2024-03-20 00:00:00-04:00,13.40999984741211,13.760000228881836,13.350000381469727,13.630000114440918,785300,0.0,0.0
2024-03-21 00:00:00-04:00,13.720000267028809,13.880000114440918,13.479999542236328,13.680000305175781,1526600,0.0,0.0
2024-03-22 00:00:00-04:00,13.699999809265137,13.819999694824219,13.350000381469727,13.819999694824219,695800,0.0,0.0
2024-03-25 00:00:00-04:00,13.869999885559082,14.380000114440918,13.774999618530273,14.300000190734863,625100,0.0,0.0
2024-03-26 00:00:00-04:00,14.399999618530273,14.600000381469727,14.229999542236328,14.369999885559082,494000,0.0,0.0
2024-03-27 00:00:00-04:00,14.460000038146973,15.069999694824219,14.279999732971191,15.0600004196167,815000,0.0,0.0
2024-03-28 00:00:00-04:00,14.989999771118164,15.140000343322754,14.90999984741211,15.09000015258789,656000,0.0,0.0
2024-04-01 00:00:00-04:00,15.199999809265137,15.199999809265137,14.859999656677246,14.970000267028809,485300,0.0,0.0
2024-04-02 00:00:00-04:00,14.720000267028809,14.720000267028809,14.079999923706055,14.520000457763672,644400,0.0,0.0
2024-04-03 00:00:00-04:00,14.40999984741211,14.630000114440918,14.321000099182129,14.390000343322754,585000,0.0,0.0
2024-04-04 00:00:00-04:00,14.430000305175781,14.609999656677246,14.0600004196167,14.119999885559082,595100,0.0,0.0
2024-04-05 00:00:00-04:00,14.050000190734863,14.609999656677246,13.890000343322754,14.5600004196167,824800,0.0,0.0
2024-04-08 00:00:00-04:00,14.640000343322754,15.069999694824219,14.571000099182129,14.8100004196167,456900,0.0,0.0
2024-04-09 00:00:00-04:00,14.829999923706055,15.15999984741211,14.710000038146973,15.100000381469727,364000,0.0,0.0
2024-04-10 00:00:00-04:00,14.930000305175781,15.1899995803833,14.470000267028809,14.640000343322754,534800,0.0,0.0
2024-04-11 00:00:00-04:00,14.670000076293945,14.920000076293945,14.479999542236328,14.819999694824219,341300,0.0,0.0
2024-04-12 00:00:00-04:00,14.619999885559082,14.630000114440918,14.15999984741211,14.260000228881836,422900,0.0,0.0
2024-04-15 00:00:00-04:00,14.25,14.479999542236328,14.119999885559082,14.300000190734863,541400,0.0,0.0
2024-04-16 00:00:00-04:00,14.1899995803833,14.3100004196167,13.800000190734863,14.149999618530273,303200,0.0,0.0
2024-04-17 00:00:00-04:00,14.470000267028809,14.6899995803833,14.369999885559082,14.5600004196167,345600,0.0,0.0
2024-04-18 00:00:00-04:00,14.630000114440918,15.152000427246094,14.630000114440918,14.729999542236328,351200,0.0,0.0
2024-04-19 00:00:00-04:00,14.600000381469727,15.039999961853027,14.600000381469727,14.869999885559082,320200,0.0,0.0
2024-04-22 00:00:00-04:00,14.859999656677246,15.180000305175781,14.8100004196167,15.050000190734863,303200,0.0,0.0
2024-04-23 00:00:00-04:00,14.829999923706055,15.0600004196167,14.779999732971191,14.819999694824219,330600,0.0,0.0
2024-04-24 00:00:00-04:00,14.6899995803833,14.829999923706055,14.25,14.289999961853027,426000,0.0,0.0
2024-04-25 00:00:00-04:00,14.210000038146973,14.260000228881836,13.739999771118164,14.149999618530273,471900,0.0,0.0
2024-04-26 00:00:00-04:00,13.970000267028809,14.0,13.5600004196167,13.649999618530273,337000,0.0,0.0
2024-04-29 00:00:00-04:00,13.699999809265137,13.875,13.529999732971191,13.779999732971191,406000,0.0,0.0
2024-04-30 00:00:00-04:00,13.729999542236328,13.73799991607666,13.279999732971191,13.3100004196167,398800,0.0,0.0
2024-05-01 00:00:00-04:00,13.399999618530273,13.8100004196167,13.279999732971191,13.5,465800,0.0,0.0
2024-05-02 00:00:00-04:00,13.6899995803833,13.800000190734863,13.520000457763672,13.789999961853027,290300,0.0,0.0
2024-05-03 00:00:00-04:00,13.890000343322754,14.199999809265137,13.789999961853027,13.850000381469727,283000,0.0,0.0
2024-05-06 00:00:00-04:00,13.949999809265137,14.15999984741211,13.725000381469727,14.0600004196167,384100,0.0,0.0
2024-05-07 00:00:00-04:00,12.520000457763672,13.770000457763672,12.100000381469727,12.319999694824219,1061300,0.0,0.0
2024-05-08 00:00:00-04:00,12.270000457763672,12.270000457763672,11.300000190734863,11.335000038146973,893900,0.0,0.0
2024-05-09 00:00:00-04:00,11.350000381469727,11.579999923706055,11.149999618530273,11.420000076293945,649400,0.0,0.0
2024-05-10 00:00:00-04:00,11.489999771118164,12.069999694824219,11.420000076293945,11.520000457763672,676000,0.0,0.0
2024-05-13 00:00:00-04:00,11.550000190734863,11.84000015258789,11.460000038146973,11.649999618530273,659900,0.0,0.0
2024-05-14 00:00:00-04:00,11.789999961853027,11.880000114440918,11.520000457763672,11.569999694824219,414500,0.0,0.0
2024-05-15 00:00:00-04:00,11.609999656677246,11.694999694824219,11.0,11.010000228881836,424800,0.0,0.0
2024-05-16 00:00:00-04:00,11.0,11.069999694824219,10.699999809265137,11.020000457763672,597300,0.0,0.0
2024-05-17 00:00:00-04:00,11.100000381469727,11.104999542236328,10.680000305175781,10.75,485500,0.0,0.0
2024-05-20 00:00:00-04:00,10.770000457763672,10.880000114440918,10.270000457763672,10.399999618530273,690900,0.0,0.0
2024-05-21 00:00:00-04:00,10.329999923706055,10.520000457763672,10.100000381469727,10.149999618530273,676600,0.0,0.0
2024-05-22 00:00:00-04:00,10.149999618530273,10.3100004196167,10.010000228881836,10.15999984741211,502100,0.0,0.0
2024-05-23 00:00:00-04:00,10.180000305175781,10.180000305175781,9.770000457763672,9.890000343322754,394100,0.0,0.0
2024-05-24 00:00:00-04:00,9.869999885559082,9.960000038146973,9.782999992370605,9.949999809265137,470300,0.0,0.0
2024-05-28 00:00:00-04:00,9.90999984741211,10.015000343322754,9.5,9.5600004196167,691800,0.0,0.0
2024-05-29 00:00:00-04:00,9.350000381469727,9.600000381469727,9.220000267028809,9.529999732971191,899400,0.0,0.0
2024-05-30 00:00:00-04:00,9.520000457763672,10.510000228881836,9.520000457763672,10.210000038146973,915900,0.0,0.0
2024-05-31 00:00:00-04:00,10.3100004196167,10.680000305175781,10.239999771118164,10.59000015258789,609900,0.0,0.0
2024-06-03 00:00:00-04:00,10.609999656677246,10.800000190734863,10.329999923706055,10.699999809265137,798900,0.0,0.0
2024-06-04 00:00:00-04:00,10.649999618530273,11.270000457763672,10.614999771118164,10.84000015258789,849400,0.0,0.0
2024-06-05 00:00:00-04:00,10.84000015258789,10.885000228881836,10.520000457763672,10.600000381469727,595300,0.0,0.0
2024-06-06 00:00:00-04:00,10.550000190734863,10.640000343322754,10.420000076293945,10.5,393400,0.0,0.0
2024-06-07 00:00:00-04:00,10.390000343322754,10.640000343322754,10.270000457763672,10.40999984741211,503000,0.0,0.0
2024-06-10 00:00:00-04:00,10.380000114440918,10.770000457763672,10.180000305175781,10.609999656677246,547900,0.0,0.0
2024-06-11 00:00:00-04:00,10.550000190734863,10.619999885559082,10.359999656677246,10.600000381469727,534400,0.0,0.0
2024-06-12 00:00:00-04:00,10.760000228881836,11.039999961853027,10.539999961853027,10.539999961853027,644900,0.0,0.0
2024-06-13 00:00:00-04:00,10.510000228881836,10.5600004196167,10.180000305175781,10.399999618530273,685900,0.0,0.0
2024-06-14 00:00:00-04:00,10.270000457763672,10.324999809265137,9.729999542236328,9.859999656677246,1646900,0.0,0.0
2024-06-17 00:00:00-04:00,9.789999961853027,10.399999618530273,9.78499984741211,10.359999656677246,656900,0.0,0.0
2024-06-18 00:00:00-04:00,10.229999542236328,10.5,10.210000038146973,10.279999732971191,620300,0.0,0.0
2024-06-20 00:00:00-04:00,10.489999771118164,11.5600004196167,10.399999618530273,11.489999771118164,1519900,0.0,0.0
2024-06-21 00:00:00-04:00,11.449999809265137,12.25,11.4350004196167,12.09000015258789,1818200,0.0,0.0
2024-06-24 00:00:00-04:00,12.029999732971191,12.3100004196167,11.869999885559082,11.9399995803833,957000,0.0,0.0
2024-06-25 00:00:00-04:00,12.010000228881836,12.359999656677246,11.755000114440918,12.130000114440918,789500,0.0,0.0
2024-06-26 00:00:00-04:00,11.970000267028809,12.319999694824219,11.8100004196167,12.229999542236328,510100,0.0,0.0
2024-06-27 00:00:00-04:00,12.289999961853027,12.289999961853027,11.979999542236328,12.130000114440918,425700,0.0,0.0
2024-06-28 00:00:00-04:00,12.130000114440918,12.59000015258789,12.020000457763672,12.5600004196167,978100,0.0,0.0
2024-07-01 00:00:00-04:00,12.529999732971191,12.529999732971191,12.324999809265137,12.430000305175781,511100,0.0,0.0
2024-07-02 00:00:00-04:00,12.460000038146973,12.720000267028809,12.359999656677246,12.65999984741211,1004800,0.0,0.0
2024-07-03 00:00:00-04:00,12.739999771118164,12.890000343322754,12.319999694824219,12.369999885559082,617100,0.0,0.0
2024-07-05 00:00:00-04:00,12.180000305175781,12.277000427246094,12.015000343322754,12.109999656677246,930600,0.0,0.0
2024-07-08 00:00:00-04:00,12.119999885559082,12.609999656677246,12.0,12.579999923706055,775900,0.0,0.0
2024-07-09 00:00:00-04:00,12.529999732971191,12.699999809265137,12.329999923706055,12.670000076293945,1077500,0.0,0.0
2024-07-10 00:00:00-04:00,12.8100004196167,12.8100004196167,12.100000381469727,12.3100004196167,410000,0.0,0.0
2024-07-11 00:00:00-04:00,12.09000015258789,12.710000038146973,11.90999984741211,12.600000381469727,490400,0.0,0.0
2024-07-12 00:00:00-04:00,12.65999984741211,12.880000114440918,12.34000015258789,12.420000076293945,378900,0.0,0.0
2024-07-15 00:00:00-04:00,12.4399995803833,12.729999542236328,12.380000114440918,12.460000038146973,498900,0.0,0.0
2024-07-16 00:00:00-04:00,12.59000015258789,12.9399995803833,12.5,12.890000343322754,501700,0.0,0.0
2024-07-17 00:00:00-04:00,12.670000076293945,12.970000267028809,12.069999694824219,12.739999771118164,353800,0.0,0.0
2024-07-18 00:00:00-04:00,12.680000305175781,12.90999984741211,12.210000038146973,12.350000381469727,347800,0.0,0.0
2024-07-19 00:00:00-04:00,12.34000015258789,12.34000015258789,12.039999961853027,12.25,316500,0.0,0.0
2024-07-22 00:00:00-04:00,12.069999694824219,12.4399995803833,11.84000015258789,12.270000457763672,401600,0.0,0.0
2024-07-23 00:00:00-04:00,12.229999542236328,12.449999809265137,12.095000267028809,12.359999656677246,362300,0.0,0.0
2024-07-24 00:00:00-04:00,12.369999885559082,12.5,11.979999542236328,12.010000228881836,505700,0.0,0.0
2024-07-25 00:00:00-04:00,11.970000267028809,12.859999656677246,11.970000267028809,12.729999542236328,386900,0.0,0.0
2024-07-26 00:00:00-04:00,12.949999809265137,12.949999809265137,12.630000114440918,12.789999961853027,331500,0.0,0.0
2024-07-29 00:00:00-04:00,12.829999923706055,12.9399995803833,12.359999656677246,12.4399995803833,336200,0.0,0.0
2024-07-30 00:00:00-04:00,12.550000190734863,12.949999809265137,12.550000190734863,12.819999694824219,656400,0.0,0.0
2024-07-31 00:00:00-04:00,12.880000114440918,13.399999618530273,12.739999771118164,13.100000381469727,985800,0.0,0.0
2024-08-01 00:00:00-04:00,13.119999885559082,13.119999885559082,11.555000305175781,11.670000076293945,666400,0.0,0.0
2024-08-02 00:00:00-04:00,12.65999984741211,12.805000305175781,10.944999694824219,11.029999732971191,722000,0.0,0.0
2024-08-05 00:00:00-04:00,9.619999885559082,10.609999656677246,9.520000457763672,10.59000015258789,845200,0.0,0.0
2024-08-06 00:00:00-04:00,10.640000343322754,10.850000381469727,10.289999961853027,10.739999771118164,530500,0.0,0.0
2024-08-07 00:00:00-04:00,10.880000114440918,11.199999809265137,9.920000076293945,9.930000305175781,670600,0.0,0.0
2024-08-08 00:00:00-04:00,9.989999771118164,10.369999885559082,9.989999771118164,10.350000381469727,885600,0.0,0.0
2024-08-09 00:00:00-04:00,10.329999923706055,10.420000076293945,9.800000190734863,9.920000076293945,684400,0.0,0.0
2024-08-12 00:00:00-04:00,9.779999732971191,9.779999732971191,9.40999984741211,9.430000305175781,664200,0.0,0.0
2024-08-13 00:00:00-04:00,9.520000457763672,9.850000381469727,9.350000381469727,9.5600004196167,824900,0.0,0.0
2024-08-14 00:00:00-04:00,9.619999885559082,9.789999961853027,9.270000457763672,9.289999961853027,526600,0.0,0.0
2024-08-15 00:00:00-04:00,9.569999694824219,9.899999618530273,9.550000190734863,9.670000076293945,578200,0.0,0.0
2024-08-16 00:00:00-04:00,9.619999885559082,9.760000228881836,9.520000457763672,9.75,708800,0.0,0.0
2024-08-19 00:00:00-04:00,9.75,9.9399995803833,9.670000076293945,9.829999923706055,416200,0.0,0.0
2024-08-20 00:00:00-04:00,9.859999656677246,9.930000305175781,9.630000114440918,9.649999618530273,369900,0.0,0.0
2024-08-21 00:00:00-04:00,9.630000114440918,9.760000228881836,9.489999771118164,9.520000457763672,437900,0.0,0.0
2024-08-22 00:00:00-04:00,9.5,9.609999656677246,9.255000114440918,9.289999961853027,399100,0.0,0.0
2024-08-23 00:00:00-04:00,9.380000114440918,10.15999984741211,9.3100004196167,10.130000114440918,637000,0.0,0.0
2024-08-26 00:00:00-04:00,10.130000114440918,10.550000190734863,10.039999961853027,10.369999885559082,631600,0.0,0.0
2024-08-27 00:00:00-04:00,10.34000015258789,10.9350004196167,10.220000267028809,10.75,664400,0.0,0.0
2024-08-28 00:00:00-04:00,10.729999542236328,10.765000343322754,10.204999923706055,10.619999885559082,901400,0.0,0.0
2024-08-29 00:00:00-04:00,10.800000190734863,10.869999885559082,10.550000190734863,10.699999809265137,512200,0.0,0.0
2024-08-30 00:00:00-04:00,10.75,10.994999885559082,10.680000305175781,10.979999542236328,383600,0.0,0.0
2024-09-03 00:00:00-04:00,10.8100004196167,11.095000267028809,10.760000228881836,10.979999542236328,401800,0.0,0.0
2024-09-04 00:00:00-04:00,10.90999984741211,11.255000114440918,10.78499984741211,11.010000228881836,450900,0.0,0.0
2024-09-05 00:00:00-04:00,11.140000343322754,11.460000038146973,10.859999656677246,10.989999771118164,359600,0.0,0.0
2024-09-06 00:00:00-04:00,11.010000228881836,11.449999809265137,10.914999961853027,11.1899995803833,527500,0.0,0.0
2024-09-09 00:00:00-04:00,11.180000305175781,11.710000038146973,11.149999618530273,11.670000076293945,609600,0.0,0.0
2024-09-10 00:00:00-04:00,11.670000076293945,11.670000076293945,10.90999984741211,10.930000305175781,393800,0.0,0.0
2024-09-11 00:00:00-04:00,10.8100004196167,11.15999984741211,10.8100004196167,11.109999656677246,380400,0.0,0.0
2024-09-12 00:00:00-04:00,11.3100004196167,11.375,10.829999923706055,11.170000076293945,549700,0.0,0.0
2024-09-13 00:00:00-04:00,11.350000381469727,11.539999961853027,10.850000381469727,10.970000267028809,1037600,0.0,0.0
2024-09-16 00:00:00-04:00,10.9399995803833,11.5,10.539999961853027,10.760000228881836,691500,0.0,0.0
2024-09-17 00:00:00-04:00,10.979999542236328,11.479999542236328,10.8100004196167,11.220000267028809,419700,0.0,0.0
2024-09-18 00:00:00-04:00,11.239999771118164,11.5,10.890000343322754,11.319999694824219,745600,0.0,0.0
2024-09-19 00:00:00-04:00,11.640000343322754,11.739999771118164,11.385000228881836,11.649999618530273,609500,0.0,0.0
2024-09-20 00:00:00-04:00,11.600000381469727,11.619999885559082,11.350000381469727,11.380000114440918,1336900,0.0,0.0
2024-09-23 00:00:00-04:00,11.359999656677246,11.399999618530273,11.029999732971191,11.039999961853027,531900,0.0,0.0
2024-09-24 00:00:00-04:00,11.100000381469727,11.529999732971191,10.989999771118164,11.369999885559082,638200,0.0,0.0
2024-09-25 00:00:00-04:00,11.319999694824219,11.470000267028809,10.920000076293945,10.930000305175781,703200,0.0,0.0
2024-09-26 00:00:00-04:00,11.289999961853027,11.489999771118164,11.029999732971191,11.050000190734863,658500,0.0,0.0
2024-09-27 00:00:00-04:00,11.149999618530273,11.390000343322754,10.949999809265137,11.3100004196167,596800,0.0,0.0
2024-09-30 00:00:00-04:00,11.270000457763672,11.59000015258789,11.149999618530273,11.210000038146973,390700,0.0,0.0
2024-10-01 00:00:00-04:00,11.220000267028809,11.220000267028809,10.395000457763672,10.489999771118164,491900,0.0,0.0
2024-10-02 00:00:00-04:00,10.5,10.5,10.149999618530273,10.300000190734863,400900,0.0,0.0
2024-10-03 00:00:00-04:00,10.399999618530273,10.399999618530273,9.744999885559082,9.960000038146973,500000,0.0,0.0
2024-10-04 00:00:00-04:00,10.34000015258789,10.760000228881836,9.949999809265137,10.0,570100,0.0,0.0
2024-10-07 00:00:00-04:00,10.0,10.170000076293945,9.869999885559082,9.930000305175781,563600,0.0,0.0
2024-10-08 00:00:00-04:00,10.229999542236328,11.109999656677246,10.229999542236328,10.569999694824219,2342500,0.0,0.0
2024-10-09 00:00:00-04:00,10.649999618530273,10.680000305175781,9.989999771118164,10.170000076293945,1006500,0.0,0.0
2024-10-10 00:00:00-04:00,10.029999732971191,10.670000076293945,9.885000228881836,10.65999984741211,1560700,0.0,0.0
2024-10-11 00:00:00-04:00,10.729999542236328,10.779999732971191,10.34000015258789,10.649999618530273,722400,0.0,0.0
2024-10-14 00:00:00-04:00,10.619999885559082,10.710000038146973,10.4399995803833,10.5600004196167,431800,0.0,0.0
2024-10-15 00:00:00-04:00,10.609999656677246,10.986000061035156,10.489999771118164,10.550000190734863,591000,0.0,0.0
2024-10-16 00:00:00-04:00,10.600000381469727,11.529999732971191,10.600000381469727,11.510000228881836,1664500,0.0,0.0
2024-10-17 00:00:00-04:00,11.449999809265137,11.529999732971191,11.100000381469727,11.420000076293945,637800,0.0,0.0
2024-10-18 00:00:00-04:00,11.4399995803833,12.449999809265137,11.270000457763672,12.380000114440918,1098000,0.0,0.0
2024-10-21 00:00:00-04:00,12.300000190734863,12.710000038146973,12.0600004196167,12.680000305175781,649400,0.0,0.0
2024-10-22 00:00:00-04:00,12.600000381469727,12.779999732971191,12.479999542236328,12.75,412800,0.0,0.0
2024-10-23 00:00:00-04:00,12.680000305175781,12.829999923706055,12.470000267028809,12.649999618530273,444300,0.0,0.0
2024-10-24 00:00:00-04:00,12.630000114440918,12.920000076293945,12.319999694824219,12.329999923706055,685000,0.0,0.0
2024-10-25 00:00:00-04:00,12.369999885559082,12.869999885559082,12.369999885559082,12.619999885559082,442100,0.0,0.0
2024-10-28 00:00:00-04:00,12.819999694824219,13.15999984741211,12.819999694824219,13.039999961853027,1038300,0.0,0.0
2024-10-29 00:00:00-04:00,12.84000015258789,13.09000015258789,12.520000457763672,12.579999923706055,643000,0.0,0.0
2024-10-30 00:00:00-04:00,12.5,13.0600004196167,12.246999740600586,12.779999732971191,527900,0.0,0.0
2024-10-31 00:00:00-04:00,12.850000381469727,14.199999809265137,12.734999656677246,14.050000190734863,1357100,0.0,0.0
2024-11-01 00:00:00-04:00,14.289999961853027,15.920000076293945,14.170000076293945,15.100000381469727,2448400,0.0,0.0
2024-11-04 00:00:00-05:00,14.199999809265137,14.619999885559082,14.020000457763672,14.420000076293945,2066900,0.0,0.0
2024-11-05 00:00:00-05:00,14.510000228881836,14.803000450134277,14.3100004196167,14.59000015258789,1162700,0.0,0.0
2024-11-06 00:00:00-05:00,15.550000190734863,15.779999732971191,14.954999923706055,15.5600004196167,1514900,0.0,0.0
2024-11-07 00:00:00-05:00,15.40999984741211,15.670000076293945,15.289999961853027,15.359999656677246,642600,0.0,0.0
2024-11-08 00:00:00-05:00,15.1899995803833,15.539999961853027,15.0600004196167,15.170000076293945,1448800,0.0,0.0
2024-11-11 00:00:00-05:00,15.40999984741211,15.520000457763672,15.121000289916992,15.510000228881836,1089100,0.0,0.0
2024-11-12 00:00:00-05:00,15.520000457763672,15.710000038146973,15.319999694824219,15.520000457763672,756200,0.0,0.0
2024-11-13 00:00:00-05:00,15.579999923706055,15.920000076293945,15.279999732971191,15.3100004196167,854100,0.0,0.0
2024-11-14 00:00:00-05:00,15.600000381469727,15.819000244140625,15.239999771118164,15.430000305175781,874300,0.0,0.0
2024-11-15 00:00:00-05:00,15.479999542236328,15.574999809265137,14.880000114440918,14.890000343322754,706800,0.0,0.0
2024-11-18 00:00:00-05:00,14.930000305175781,14.930000305175781,14.449999809265137,14.609999656677246,771300,0.0,0.0
2024-11-19 00:00:00-05:00,14.3100004196167,14.449999809265137,13.600000381469727,13.619999885559082,955600,0.0,0.0
2024-11-20 00:00:00-05:00,13.449999809265137,13.979999542236328,13.199999809265137,13.979999542236328,688600,0.0,0.0
2024-11-21 00:00:00-05:00,13.960000038146973,14.114999771118164,13.805000305175781,13.90999984741211,410200,0.0,0.0
2024-11-22 00:00:00-05:00,14.579999923706055,14.579999923706055,13.619999885559082,13.729999542236328,653200,0.0,0.0
2024-11-25 00:00:00-05:00,14.039999961853027,14.430000305175781,13.994999885559082,14.050000190734863,1097500,0.0,0.0
2024-11-26 00:00:00-05:00,14.140000343322754,14.34000015258789,13.710000038146973,13.930000305175781,621000,0.0,0.0
2024-11-27 00:00:00-05:00,14.0,14.430000305175781,13.944999694824219,14.420000076293945,767900,0.0,0.0
2024-11-29 00:00:00-05:00,14.59000015258789,14.63700008392334,14.319999694824219,14.390000343322754,248300,0.0,0.0
2024-12-02 00:00:00-05:00,14.350000381469727,14.350000381469727,13.770000457763672,13.9399995803833,1086100,0.0,0.0
2024-12-03 00:00:00-05:00,13.90999984741211,14.149999618530273,13.6899995803833,13.949999809265137,444800,0.0,0.0
2024-12-04 00:00:00-05:00,14.0,14.3149995803833,13.864999771118164,14.279999732971191,649800,0.0,0.0
2024-12-05 00:00:00-05:00,14.510000228881836,14.779999732971191,14.130000114440918,14.579999923706055,722400,0.0,0.0
2024-12-06 00:00:00-05:00,14.770000457763672,14.819999694824219,14.1899995803833,14.319999694824219,484300,0.0,0.0
2024-12-09 00:00:00-05:00,14.430000305175781,14.75,14.300000190734863,14.470000267028809,683900,0.0,0.0
2024-12-10 00:00:00-05:00,14.600000381469727,14.930000305175781,14.364999771118164,14.699999809265137,589100,0.0,0.0
2024-12-11 00:00:00-05:00,14.850000381469727,15.800000190734863,14.619999885559082,15.760000228881836,1053200,0.0,0.0
2024-12-12 00:00:00-05:00,15.779999732971191,15.90999984741211,15.244999885559082,15.260000228881836,961700,0.0,0.0
2024-12-13 00:00:00-05:00,15.279999732971191,15.284000396728516,14.560999870300293,14.9399995803833,1001200,0.0,0.0
2024-12-16 00:00:00-05:00,14.880000114440918,15.4399995803833,14.699999809265137,15.1899995803833,546800,0.0,0.0
2024-12-17 00:00:00-05:00,15.039999961853027,15.295000076293945,14.800000190734863,14.899999618530273,626800,0.0,0.0
2024-12-18 00:00:00-05:00,14.979999542236328,15.402999877929688,14.149999618530273,14.329999923706055,696600,0.0,0.0
2024-12-19 00:00:00-05:00,14.579999923706055,14.984999656677246,14.270000457763672,14.779999732971191,681200,0.0,0.0
2024-12-20 00:00:00-05:00,14.579999923706055,15.399999618530273,14.532999992370605,15.0,3917000,0.0,0.0
2024-12-23 00:00:00-05:00,14.84000015258789,15.220000267028809,14.630000114440918,15.069999694824219,502700,0.0,0.0
2024-12-24 00:00:00-05:00,15.050000190734863,15.321999549865723,14.835000038146973,15.220000267028809,161400,0.0,0.0
2024-12-26 00:00:00-05:00,15.0600004196167,15.3100004196167,15.0,15.149999618530273,368400,0.0,0.0
2024-12-27 00:00:00-05:00,15.020000457763672,15.119999885559082,14.75,14.9399995803833,324900,0.0,0.0
2024-12-30 00:00:00-05:00,14.779999732971191,14.90999984741211,14.430000305175781,14.75,360200,0.0,0.0
2024-12-31 00:00:00-05:00,14.800000190734863,15.032999992370605,14.5600004196167,14.579999923706055,516000,0.0,0.0
2025-01-02 00:00:00-05:00,14.75,14.960000038146973,14.430000305175781,14.529999732971191,433500,0.0,0.0
2025-01-03 00:00:00-05:00,14.460000038146973,14.505000114440918,13.984999656677246,14.329999923706055,381400,0.0,0.0
2025-01-06 00:00:00-05:00,14.34000015258789,15.170000076293945,14.34000015258789,15.050000190734863,723000,0.0,0.0
2025-01-07 00:00:00-05:00,15.229999542236328,16.049999237060547,15.145000457763672,16.010000228881836,1006600,0.0,0.0
2025-01-08 00:00:00-05:00,15.529999732971191,15.84000015258789,15.199999809265137,15.65999984741211,499500,0.0,0.0
2025-01-10 00:00:00-05:00,15.680000305175781,16.43000030517578,15.555000305175781,16.18000030517578,700100,0.0,0.0
2025-01-13 00:00:00-05:00,15.880000114440918,16.010000228881836,15.039999961853027,15.800000190734863,787900,0.0,0.0
2025-01-14 00:00:00-05:00,15.979999542236328,16.459999084472656,15.979999542236328,16.0,1256600,0.0,0.0
2025-01-15 00:00:00-05:00,16.239999771118164,16.299999237060547,15.649999618530273,16.010000228881836,455400,0.0,0.0
2025-01-16 00:00:00-05:00,16.049999237060547,16.155000686645508,15.395000457763672,15.979999542236328,472000,0.0,0.0
2025-01-17 00:00:00-05:00,16.010000228881836,16.190000534057617,15.8100004196167,16.18000030517578,494800,0.0,0.0
2025-01-21 00:00:00-05:00,16.469999313354492,17.0049991607666,16.389999389648438,16.6299991607666,945200,0.0,0.0
2025-01-22 00:00:00-05:00,17.510000228881836,17.510000228881836,16.610000610351562,16.899999618530273,694100,0.0,0.0
2025-01-23 00:00:00-05:00,16.719999313354492,17.020000457763672,16.510000228881836,16.65999984741211,835200,0.0,0.0
2025-01-24 00:00:00-05:00,16.510000228881836,17.014999389648438,16.10099983215332,16.760000228881836,583200,0.0,0.0
2025-01-27 00:00:00-05:00,16.760000228881836,17.3700008392334,16.485000610351562,16.959999084472656,808600,0.0,0.0
2025-01-28 00:00:00-05:00,16.75,16.8700008392334,16.299999237060547,16.56999969482422,1046400,0.0,0.0
2025-01-29 00:00:00-05:00,16.530000686645508,17.0,16.479999542236328,16.8700008392334,524600,0.0,0.0
2025-01-30 00:00:00-05:00,16.6200008392334,17.25,16.6200008392334,17.0,492800,0.0,0.0
2025-01-31 00:00:00-05:00,16.959999084472656,17.360000610351562,16.875,16.959999084472656,893700,0.0,0.0
2025-02-03 00:00:00-05:00,16.350000381469727,16.81999969482422,16.10099983215332,16.6200008392334,773200,0.0,0.0
2025-02-04 00:00:00-05:00,17.600000381469727,17.75,15.579999923706055,15.970000267028809,1354000,0.0,0.0
2025-02-05 00:00:00-05:00,15.989999771118164,16.079999923706055,15.199999809265137,15.819999694824219,953500,0.0,0.0
2025-02-06 00:00:00-05:00,16.040000915527344,16.434999465942383,15.789999961853027,16.170000076293945,976800,0.0,0.0
2025-02-07 00:00:00-05:00,16.299999237060547,16.860000610351562,16.170000076293945,16.5,532500,0.0,0.0
2025-02-10 00:00:00-05:00,16.84000015258789,17.5,16.1299991607666,17.299999237060547,2675200,0.0,0.0
2025-02-11 00:00:00-05:00,17.299999237060547,17.299999237060547,16.58099937438965,17.06999969482422,869700,0.0,0.0
2025-02-12 00:00:00-05:00,16.860000610351562,17.5,16.639999389648438,17.06999969482422,928000,0.0,0.0
2025-02-13 00:00:00-05:00,17.200000762939453,17.360000610351562,16.485000610351562,16.639999389648438,894300,0.0,0.0
2025-02-14 00:00:00-05:00,16.56999969482422,17.31999969482422,16.489999771118164,17.280000686645508,482500,0.0,0.0
2025-02-18 00:00:00-05:00,17.40999984741211,18.139999389648438,17.299999237060547,18.1299991607666,1495800,0.0,0.0
2025-02-19 00:00:00-05:00,17.850000381469727,18.059999465942383,17.600000381469727,17.90999984741211,556800,0.0,0.0
2025-02-20 00:00:00-05:00,17.790000915527344,18.239999771118164,17.56800079345703,18.170000076293945,935700,0.0,0.0
2025-02-21 00:00:00-05:00,18.34000015258789,18.58799934387207,16.709999084472656,16.729999542236328,1166500,0.0,0.0
2025-02-24 00:00:00-05:00,16.93000030517578,17.219999313354492,16.530000686645508,16.93000030517578,1209800,0.0,0.0
2025-02-25 00:00:00-05:00,16.8700008392334,16.8700008392334,16.190000534057617,16.75,1036300,0.0,0.0
2025-02-26 00:00:00-05:00,16.829999923706055,17.075000762939453,16.459999084472656,16.479999542236328,648800,0.0,0.0
2025-02-27 00:00:00-05:00,16.450000762939453,16.6299991607666,15.8149995803833,15.84000015258789,883400,0.0,0.0
2025-02-28 00:00:00-05:00,15.800000190734863,16.200000762939453,15.720000267028809,16.110000610351562,879700,0.0,0.0
2025-03-03 00:00:00-05:00,16.100000381469727,16.459999084472656,15.593000411987305,15.680000305175781,575400,0.0,0.0
2025-03-04 00:00:00-05:00,15.039999961853027,15.609999656677246,14.579999923706055,15.4399995803833,1005700,0.0,0.0
2025-03-05 00:00:00-05:00,15.5600004196167,15.819999694824219,15.25100040435791,15.529999732971191,714200,0.0,0.0
2025-03-06 00:00:00-05:00,15.270000457763672,15.645000457763672,14.850000381469727,14.880000114440918,478300,0.0,0.0
2025-03-07 00:00:00-05:00,14.75,15.020000457763672,14.300000190734863,14.6899995803833,570600,0.0,0.0
2025-03-10 00:00:00-04:00,14.34000015258789,14.34000015258789,12.949999809265137,13.420000076293945,1013800,0.0,0.0
2025-03-11 00:00:00-04:00,13.260000228881836,14.149999618530273,13.020000457763672,13.239999771118164,1172900,0.0,0.0
2025-03-12 00:00:00-04:00,13.34000015258789,13.34000015258789,12.725000381469727,12.819999694824219,1190800,0.0,0.0
2025-03-13 00:00:00-04:00,12.890000343322754,12.930000305175781,12.109999656677246,12.8100004196167,1077300,0.0,0.0
2025-03-14 00:00:00-04:00,12.920000076293945,13.279999732971191,12.569999694824219,13.119999885559082,979400,0.0,0.0
2025-03-17 00:00:00-04:00,13.0,13.604999542236328,13.0,13.529999732971191,552500,0.0,0.0
2025-03-18 00:00:00-04:00,13.5,13.5,12.869999885559082,12.890000343322754,699900,0.0,0.0
2025-03-19 00:00:00-04:00,12.9399995803833,13.359999656677246,12.899999618530273,13.140000343322754,553700,0.0,0.0
2025-03-20 00:00:00-04:00,12.869999885559082,13.100000381469727,12.845000267028809,12.90999984741211,372500,0.0,0.0
2025-03-21 00:00:00-04:00,12.649999618530273,12.869999885559082,12.359999656677246,12.8100004196167,2274300,0.0,0.0
2025-03-24 00:00:00-04:00,13.170000076293945,13.949999809265137,13.130000114440918,13.880000114440918,648100,0.0,0.0
2025-03-25 00:00:00-04:00,14.039999961853027,14.039999961853027,13.46500015258789,13.5600004196167,929600,0.0,0.0
2025-03-26 00:00:00-04:00,13.550000190734863,14.300000190734863,13.34000015258789,13.539999961853027,415100,0.0,0.0
2025-03-27 00:00:00-04:00,13.5,13.640000343322754,13.220000267028809,13.369999885559082,666800,0.0,0.0
2025-03-28 00:00:00-04:00,13.279999732971191,13.5,12.819999694824219,12.869999885559082,345600,0.0,0.0
2025-03-31 00:00:00-04:00,12.489999771118164,12.557999610900879,11.90999984741211,12.319999694824219,1115600,0.0,0.0
2025-04-01 00:00:00-04:00,12.149999618530273,12.25,11.220000267028809,11.579999923706055,1063400,0.0,0.0
2025-04-02 00:00:00-04:00,11.380000114440918,12.366999626159668,11.375,12.270000457763672,712200,0.0,0.0
2025-04-03 00:00:00-04:00,11.3100004196167,11.5,10.760000228881836,10.899999618530273,2382000,0.0,0.0
2025-04-04 00:00:00-04:00,10.09000015258789,10.460000038146973,9.600000381469727,10.220000267028809,1121300,0.0,0.0
2025-04-07 00:00:00-04:00,9.779999732971191,10.829999923706055,9.720000267028809,10.329999923706055,1286100,0.0,0.0
2025-04-08 00:00:00-04:00,10.779999732971191,10.989999771118164,9.40999984741211,9.579999923706055,1325000,0.0,0.0
2025-04-09 00:00:00-04:00,9.739999771118164,11.880000114440918,9.65999984741211,11.649999618530273,1563600,0.0,0.0
2025-04-10 00:00:00-04:00,11.020000457763672,11.21500015258789,10.295000076293945,10.390000343322754,764700,0.0,0.0
2025-04-11 00:00:00-04:00,10.399999618530273,10.5600004196167,9.9399995803833,10.350000381469727,640900,0.0,0.0
2025-04-14 00:00:00-04:00,10.649999618530273,10.649999618530273,9.65999984741211,9.680000305175781,915000,0.0,0.0
2025-04-15 00:00:00-04:00,9.6899995803833,10.369999885559082,9.65999984741211,10.119999885559082,1217900,0.0,0.0
2025-04-16 00:00:00-04:00,10.15999984741211,10.260000228881836,9.779999732971191,9.869999885559082,773500,0.0,0.0
2025-04-17 00:00:00-04:00,9.640000343322754,9.746999740600586,8.880000114440918,8.880000114440918,2517800,0.0,0.0
2025-04-21 00:00:00-04:00,8.760000228881836,8.795000076293945,8.100000381469727,8.210000038146973,2160700,0.0,0.0
2025-04-22 00:00:00-04:00,8.350000381469727,8.595000267028809,8.239999771118164,8.449999809265137,1776800,0.0,0.0
2025-04-23 00:00:00-04:00,9.0,9.329999923706055,8.6850004196167,8.699999809265137,1838500,0.0,0.0
2025-04-24 00:00:00-04:00,8.600000381469727,9.529999732971191,8.574999809265137,9.430000305175781,2648100,0.0,0.0
2025-04-25 00:00:00-04:00,9.359999656677246,9.505000114440918,9.069999694824219,9.420000076293945,1449500,0.0,0.0
2025-04-28 00:00:00-04:00,9.449999809265137,9.84000015258789,9.265000343322754,9.3100004196167,1278300,0.0,0.0
2025-04-29 00:00:00-04:00,9.229999542236328,9.9399995803833,9.079999923706055,9.819999694824219,1063700,0.0,0.0
2025-04-30 00:00:00-04:00,9.510000228881836,9.880000114440918,9.16100025177002,9.800000190734863,1402600,0.0,0.0
2025-05-01 00:00:00-04:00,9.90999984741211,10.149999618530273,9.734999656677246,9.829999923706055,1671100,0.0,0.0
2025-05-02 00:00:00-04:00,10.319999694824219,11.15999984741211,10.319999694824219,10.960000038146973,1829200,0.0,0.0
2025-05-05 00:00:00-04:00,10.649999618530273,11.574999809265137,10.649999618530273,11.0,1409400,0.0,0.0
2025-05-06 00:00:00-04:00,10.930000305175781,11.539999961853027,10.880000114440918,11.239999771118164,980900,0.0,0.0
2025-05-07 00:00:00-04:00,11.350000381469727,11.449999809265137,11.116999626159668,11.210000038146973,1006500,0.0,0.0
2025-05-08 00:00:00-04:00,11.40999984741211,12.140000343322754,11.3100004196167,11.899999618530273,754500,0.0,0.0
2025-05-09 00:00:00-04:00,11.979999542236328,12.03499984741211,11.751999855041504,11.850000381469727,866300,0.0,0.0
2025-05-12 00:00:00-04:00,12.59000015258789,12.899999618530273,12.170000076293945,12.300000190734863,946200,0.0,0.0
2025-05-13 00:00:00-04:00,12.350000381469727,12.9399995803833,12.350000381469727,12.770000457763672,887500,0.0,0.0
2025-05-14 00:00:00-04:00,12.65999984741211,12.920000076293945,12.41100025177002,12.5,766800,0.0,0.0
2025-05-15 00:00:00-04:00,12.4399995803833,12.539999961853027,11.989999771118164,12.109999656677246,650400,0.0,0.0
2025-05-16 00:00:00-04:00,12.100000381469727,12.199999809265137,11.90999984741211,12.100000381469727,760300,0.0,0.0
2025-05-19 00:00:00-04:00,11.970000267028809,12.239999771118164,11.802000045776367,12.050000190734863,835200,0.0,0.0
2025-05-20 00:00:00-04:00,12.010000228881836,12.1899995803833,11.699999809265137,11.869999885559082,791400,0.0,0.0
2025-05-21 00:00:00-04:00,11.760000228881836,11.859999656677246,11.109999656677246,11.140000343322754,1024500,0.0,0.0
2025-05-22 00:00:00-04:00,11.119999885559082,11.40999984741211,11.055000305175781,11.239999771118164,657600,0.0,0.0
2025-05-23 00:00:00-04:00,10.899999618530273,11.170000076293945,10.875,11.029999732971191,501800,0.0,0.0
2025-05-27 00:00:00-04:00,11.239999771118164,11.819999694824219,11.1899995803833,11.819999694824219,977900,0.0,0.0
2025-05-28 00:00:00-04:00,11.859999656677246,11.869999885559082,11.579999923706055,11.65999984741211,694000,0.0,0.0
2025-05-29 00:00:00-04:00,11.960000038146973,11.960000038146973,11.5649995803833,11.609999656677246,436000,0.0,0.0
2025-05-30 00:00:00-04:00,11.460000038146973,11.649999618530273,11.369999885559082,11.579999923706055,510600,0.0,0.0
2025-06-02 00:00:00-04:00,11.5,11.625,11.255000114440918,11.539999961853027,810100,0.0,0.0
2025-06-03 00:00:00-04:00,11.529999732971191,12.010000228881836,11.4399995803833,11.899999618530273,1129100,0.0,0.0
2025-06-04 00:00:00-04:00,11.850000381469727,11.914999961853027,11.635000228881836,11.699999809265137,703300,0.0,0.0
2025-06-05 00:00:00-04:00,11.600000381469727,11.770000457763672,11.335000038146973,11.4399995803833,600300,0.0,0.0
2025-06-06 00:00:00-04:00,11.789999961853027,11.824999809265137,11.4399995803833,11.739999771118164,827200,0.0,0.0
2025-06-09 00:00:00-04:00,11.90999984741211,12.119999885559082,11.829999923706055,11.880000114440918,710100,0.0,0.0
2025-06-10 00:00:00-04:00,12.0,12.130000114440918,11.880000114440918,12.0,682400,0.0,0.0
2025-06-11 00:00:00-04:00,12.119999885559082,12.119999885559082,11.385000228881836,11.550000190734863,708900,0.0,0.0
2025-06-12 00:00:00-04:00,11.270000457763672,11.59000015258789,11.180000305175781,11.460000038146973,759000,0.0,0.0
2025-06-13 00:00:00-04:00,11.010000228881836,11.937000274658203,10.75,10.90999984741211,1334700,0.0,0.0
2025-06-16 00:00:00-04:00,11.100000381469727,11.460000038146973,10.960000038146973,11.260000228881836,892200,0.0,0.0
2025-06-17 00:00:00-04:00,11.039999961853027,11.140000343322754,10.725000381469727,10.829999923706055,978300,0.0,0.0
2025-06-18 00:00:00-04:00,11.020000457763672,11.09000015258789,10.770000457763672,10.819999694824219,936600,0.0,0.0
2025-06-20 00:00:00-04:00,10.970000267028809,11.0600004196167,10.670000076293945,10.699999809265137,1303600,0.0,0.0
2025-06-23 00:00:00-04:00,10.630000114440918,10.960000038146973,10.239999771118164,10.869999885559082,875000,0.0,0.0
2025-06-24 00:00:00-04:00,11.180000305175781,11.585000038146973,11.149999618530273,11.449999809265137,457560,0.0,0.0
